"","mode","alt","chid","X1.0","X0.1"
"5",0,"beach",2,-1.5114,0.1049
"6",0,"boat",2,-1.0534,0.1574
"7",1,"charter",2,-3.4534,0.4671
"8",0,"pier",2,-1.5114,0.0451
"21",0,"beach",6,-19.2474,0.5333
"22",0,"boat",6,-2.8934,0.1665
"23",1,"charter",6,-6.3934,0.3975
"24",0,"pier",6,-19.2474,0.4522
"25",1,"beach",7,-5.1934,0.0678
"26",0,"boat",7,-19.193,0.1643
"27",0,"charter",7,-22.093,0.5391
"28",0,"pier",7,-5.1934,0.0789
"49",0,"beach",13,-1.7862,0.1049
"50",0,"boat",13,-0.4122,0.0023
"51",0,"charter",13,-2.8122,0.0046
"52",1,"pier",13,-1.7862,0.0451
"61",0,"beach",16,-3.3534,0.0678
"62",0,"boat",16,-12.393,0.1643
"63",0,"charter",16,-15.293,0.5391
"64",1,"pier",16,-3.3534,0.0789
"65",1,"beach",17,-4.8114,0.1049
"66",0,"boat",17,-3.3534,0.1574
"67",0,"charter",17,-5.7534,0.4671
"68",0,"pier",17,-4.8114,0.0451
"69",0,"beach",18,-3.3462,0.1049
"70",0,"boat",18,-0.7722,0.0613
"71",0,"charter",18,-3.1722,0.3087
"72",1,"pier",18,-3.3462,0.0079
"85",0,"beach",22,-8.8062,0.1049
"86",0,"boat",22,-2.0322,0.0023
"87",1,"charter",22,-4.4322,0.0046
"88",0,"pier",22,-8.8062,0.0451
"89",0,"beach",23,-10.0674,0.5333
"90",1,"boat",23,-1.5134,0.1665
"91",0,"charter",23,-5.0134,0.3975
"92",0,"pier",23,-10.0674,0.4522
"93",0,"beach",24,-2.8314,0.1049
"94",0,"boat",24,-1.9734,0.0613
"95",1,"charter",24,-4.3734,0.3087
"96",0,"pier",24,-2.8314,0.0079
"101",1,"beach",26,-6.7784,0.5333
"102",0,"boat",26,-1.7862,0.2413
"103",0,"charter",26,-5.2862,1.0266
"104",0,"pier",26,-6.7784,0.4522
"109",0,"beach",28,-7.2462,0.0678
"110",1,"boat",28,-7.432,0.0897
"111",0,"charter",28,-10.932,1.0905
"112",0,"pier",28,-7.2462,0.0789
"133",1,"beach",34,-0.9522,0.0678
"134",0,"boat",34,-7.8292,0.0014
"135",0,"charter",34,-10.7292,0.0029
"136",0,"pier",34,-0.9522,0.0789
"137",0,"beach",35,-2.5662,0.1049
"138",0,"boat",35,-0.5922,0.0613
"139",0,"charter",35,-2.9922,0.3087
"140",1,"pier",35,-2.5662,0.0079
"145",0,"beach",37,-12.0004,0.0678
"146",0,"boat",37,-25.264,0.0014
"147",0,"charter",37,-28.164,0.0029
"148",1,"pier",37,-12.0004,0.0789
"153",0,"beach",39,-11.5808,0.5333
"154",0,"boat",39,-2.5004,0.0156
"155",1,"charter",39,-6.0004,0.0058
"156",0,"pier",39,-11.5808,0.4522
"157",0,"beach",40,-3.2604,0.0678
"158",0,"boat",40,-6.864,0.1643
"159",0,"charter",40,-9.764,0.5391
"160",1,"pier",40,-3.2604,0.0789
"165",0,"beach",42,-1.0296,0.0678
"166",0,"boat",42,-5.4912,0.0897
"167",1,"charter",42,-8.9912,1.0905
"168",0,"pier",42,-1.0296,0.0789
"169",0,"beach",43,-23.1472,0.5333
"170",1,"boat",43,-1.5096,0.2413
"171",0,"charter",43,-5.0096,1.0266
"172",0,"pier",43,-23.1472,0.4522
"173",0,"beach",44,-5.9248,0.2537
"174",0,"boat",44,-18.6208,0.7369
"175",1,"charter",44,-21.1208,2.3101
"176",0,"pier",44,-5.9248,0.1498
"177",0,"beach",45,-23.1472,0.5333
"178",0,"boat",45,-1.5096,0.2413
"179",1,"charter",45,-5.0096,1.0266
"180",0,"pier",45,-23.1472,0.4522
"189",0,"beach",48,-8.0608,0.5333
"190",0,"boat",48,-1.7404,0.2413
"191",1,"charter",48,-5.2404,1.0266
"192",0,"pier",48,-8.0608,0.4522
"193",1,"beach",49,-2.4334,0.0678
"194",0,"boat",49,-8.993,0.1643
"195",0,"charter",49,-11.893,0.5391
"196",0,"pier",49,-2.4334,0.0789
"197",1,"beach",50,-1.1322,0.0678
"198",0,"boat",50,-9.3092,0.1643
"199",0,"charter",50,-12.2092,0.5391
"200",0,"pier",50,-1.1322,0.0789
"209",0,"beach",53,-17.7744,0.5333
"210",1,"boat",53,-0.9522,0.2413
"211",0,"charter",53,-4.4522,1.0266
"212",0,"pier",53,-17.7744,0.4522
"221",0,"beach",56,-2.1714,0.1049
"222",0,"boat",56,-1.5134,0.0023
"223",1,"charter",56,-3.9134,0.0046
"224",0,"pier",56,-2.1714,0.0451
"237",0,"beach",60,-14.4144,0.5333
"238",0,"boat",60,-0.7722,0.2413
"239",1,"charter",60,-4.2722,1.0266
"240",0,"pier",60,-14.4144,0.4522
"245",0,"beach",62,-9.3092,0.0678
"246",0,"boat",62,-9.3092,0.2601
"247",0,"charter",62,-11.8092,0.5391
"248",1,"pier",62,-9.3092,0.0503
"249",0,"beach",63,-17.7744,0.5333
"250",0,"boat",63,-0.9522,0.0361
"251",1,"charter",63,-4.4522,0.4216
"252",0,"pier",63,-17.7744,0.0069
"257",0,"beach",65,-0.9522,0.0678
"258",0,"boat",65,-7.8292,0.1643
"259",0,"charter",65,-10.7292,0.5391
"260",1,"pier",65,-0.9522,0.0789
"261",0,"beach",66,-7.6944,0.5333
"262",0,"boat",66,-0.4122,0.2413
"263",1,"charter",66,-3.9122,1.0266
"264",0,"pier",66,-7.6944,0.4522
"265",0,"beach",67,-17.7744,0.5333
"266",1,"boat",67,-0.9522,0.2413
"267",0,"charter",67,-4.4522,1.0266
"268",0,"pier",67,-17.7744,0.4522
"273",0,"beach",69,-24.4944,0.5333
"274",1,"boat",69,-1.3122,0.2413
"275",0,"charter",69,-4.8122,1.0266
"276",0,"pier",69,-24.4944,0.4522
"281",0,"beach",71,-3.3462,0.1049
"282",1,"boat",71,-0.7722,0.0023
"283",0,"charter",71,-3.1722,0.0046
"284",0,"pier",71,-3.3462,0.0451
"285",0,"beach",72,-0.5922,0.0678
"286",0,"boat",72,-2.5662,0.0102
"287",1,"charter",72,-6.0662,0.0209
"288",0,"pier",72,-0.5922,0.0789
"293",0,"beach",74,-24.4944,0.5333
"294",1,"boat",74,-1.3122,0.0361
"295",0,"charter",74,-4.8122,0.4216
"296",0,"pier",74,-24.4944,0.0069
"297",0,"beach",75,-6.4662,0.1049
"298",1,"boat",75,-1.4922,0.0023
"299",0,"charter",75,-3.8922,0.0046
"300",0,"pier",75,-6.4662,0.0451
"301",1,"beach",76,-0.9522,0.0678
"302",0,"boat",76,-7.8292,0.1643
"303",0,"charter",76,-10.7292,0.5391
"304",0,"pier",76,-0.9522,0.0789
"305",1,"beach",77,-2.4696,0.0678
"306",0,"boat",77,-11.1132,0.1643
"307",0,"charter",77,-14.0132,0.5391
"308",0,"pier",77,-2.4696,0.0789
"309",0,"beach",78,-3.3892,0.0678
"310",1,"boat",78,-3.3892,0.2601
"311",0,"charter",78,-5.8892,0.5391
"312",0,"pier",78,-3.3892,0.0503
"313",0,"beach",79,-14.4144,0.5333
"314",0,"boat",79,-0.7722,0.0361
"315",1,"charter",79,-4.2722,0.4216
"316",0,"pier",79,-14.4144,0.0069
"317",0,"beach",80,-11.0544,0.5333
"318",1,"boat",80,-0.5922,0.2413
"319",0,"charter",80,-4.0922,1.0266
"320",0,"pier",80,-11.0544,0.4522
"321",0,"beach",81,-7.6944,0.5333
"322",0,"boat",81,-0.4122,0.0156
"323",1,"charter",81,-3.9122,0.0058
"324",0,"pier",81,-7.6944,0.4522
"329",0,"beach",83,-17.7744,0.5333
"330",1,"boat",83,-0.9522,0.1665
"331",0,"charter",83,-4.4522,0.3975
"332",0,"pier",83,-17.7744,0.4522
"337",0,"beach",85,-3.3462,0.2537
"338",0,"boat",85,-3.3462,0.0626
"339",1,"charter",85,-5.1962,0.2773
"340",0,"pier",85,-3.3462,0.0014
"341",0,"beach",86,-0.8514,0.2537
"342",1,"boat",86,-3.9474,0.6817
"343",0,"charter",86,-6.4474,2.3014
"344",0,"pier",86,-0.8514,0.1498
"345",0,"beach",87,-3.8134,0.0678
"346",0,"boat",87,-5.4714,0.0559
"347",1,"charter",87,-8.9714,0.6456
"348",0,"pier",87,-3.8134,0.0789
"357",0,"beach",90,-10.4214,0.2537
"358",0,"boat",90,-10.4214,0.2339
"359",0,"charter",90,-12.2714,0.6288
"360",1,"pier",90,-10.4214,0.1498
"365",0,"beach",92,-4.8114,0.1049
"366",0,"boat",92,-3.3534,0.1574
"367",1,"charter",92,-5.7534,0.4671
"368",0,"pier",92,-4.8114,0.0451
"369",0,"beach",93,-6.4662,0.0678
"370",1,"boat",93,-6.632,0.0102
"371",0,"charter",93,-10.132,0.0209
"372",0,"pier",93,-6.4662,0.0789
"373",0,"beach",94,-7.2462,0.0678
"374",0,"boat",94,-7.432,0.0102
"375",1,"charter",94,-10.932,0.0209
"376",0,"pier",94,-7.2462,0.0789
"393",0,"beach",99,-4.374,0.2537
"394",0,"boat",99,-5.2488,0.2339
"395",0,"charter",99,-7.0988,0.6288
"396",1,"pier",99,-4.374,0.1498
"405",0,"beach",102,-3.174,0.2537
"406",0,"boat",102,-3.8088,0.2339
"407",0,"charter",102,-5.6588,0.6288
"408",1,"pier",102,-3.174,0.1498
"409",0,"beach",103,-5.577,0.0678
"410",0,"boat",103,-2.574,0.0108
"411",1,"charter",103,-6.074,0.2377
"412",0,"pier",103,-5.577,0.0025
"413",0,"beach",104,-4.277,0.0678
"414",0,"boat",104,-1.974,0.0559
"415",1,"charter",104,-5.474,0.6456
"416",0,"pier",104,-4.277,0.0789
"425",0,"beach",107,-5.574,0.2537
"426",0,"boat",107,-22.1102,0.6817
"427",1,"charter",107,-24.6102,2.3014
"428",0,"pier",107,-5.574,0.1498
"429",0,"beach",108,-15.9766,0.0678
"430",0,"boat",108,-3.774,0.0732
"431",1,"charter",108,-6.724,0.1726
"432",0,"pier",108,-15.9766,0.0052
"433",0,"beach",109,-1.677,0.0678
"434",0,"boat",109,-3.2766,0.1643
"435",0,"charter",109,-6.1766,0.5391
"436",1,"pier",109,-1.677,0.0789
"437",0,"beach",110,-12.5902,0.5333
"438",1,"boat",110,-6.877,0.2413
"439",0,"charter",110,-10.377,1.0266
"440",0,"pier",110,-12.5902,0.4522
"441",0,"beach",111,-5.6862,0.0678
"442",1,"boat",111,-5.832,0.0108
"443",0,"charter",111,-9.332,0.2377
"444",0,"pier",111,-5.6862,0.0025
"449",0,"beach",113,-4.6258,0.0678
"450",0,"boat",113,-1.832,0.0732
"451",1,"charter",113,-4.782,0.1726
"452",0,"pier",113,-4.6258,0.0052
"457",0,"beach",115,-6.4662,0.0678
"458",0,"boat",115,-6.632,0.0559
"459",1,"charter",115,-10.132,0.6456
"460",0,"pier",115,-6.4662,0.0789
"473",0,"beach",119,-15.015,0.5333
"474",0,"boat",119,-6.2634,0.2413
"475",1,"charter",119,-9.7634,1.0266
"476",0,"pier",119,-15.015,0.4522
"481",1,"beach",121,-7.3002,0.2537
"482",0,"boat",121,-7.3002,0.2339
"483",0,"charter",121,-9.1502,0.6288
"484",0,"pier",121,-7.3002,0.1498
"485",0,"beach",122,-20.527,0.0678
"486",1,"boat",122,-9.474,0.0897
"487",0,"charter",122,-12.974,1.0905
"488",0,"pier",122,-20.527,0.0789
"493",1,"beach",124,-6.174,0.2537
"494",0,"boat",124,-7.4088,0.2339
"495",0,"charter",124,-9.2588,0.6288
"496",0,"pier",124,-6.174,0.1498
"501",0,"beach",126,-14.677,0.0678
"502",0,"boat",126,-6.774,0.0102
"503",1,"charter",126,-10.274,0.0209
"504",0,"pier",126,-14.677,0.0789
"509",0,"beach",128,-13.4366,0.0678
"510",0,"boat",128,-3.174,0.0732
"511",1,"charter",128,-6.124,0.1726
"512",0,"pier",128,-13.4366,0.0052
"513",0,"beach",129,-4.974,0.2537
"514",0,"boat",129,-5.9688,0.2339
"515",0,"charter",129,-7.8188,0.6288
"516",1,"pier",129,-4.974,0.1498
"521",0,"beach",131,-20.527,0.0678
"522",1,"boat",131,-9.474,0.0108
"523",0,"charter",131,-12.974,0.2377
"524",0,"pier",131,-20.527,0.0025
"533",0,"beach",134,-10.8966,0.0678
"534",1,"boat",134,-2.574,0.0143
"535",0,"charter",134,-5.524,0.0289
"536",0,"pier",134,-10.8966,0.0503
"553",0,"beach",139,-6.7784,0.5333
"554",0,"boat",139,-1.7862,0.0361
"555",1,"charter",139,-5.2862,0.4216
"556",0,"pier",139,-6.7784,0.0069
"557",0,"beach",140,-18.6184,0.5333
"558",0,"boat",140,-4.9062,0.2413
"559",1,"charter",140,-8.4062,1.0266
"560",0,"pier",140,-18.6184,0.4522
"561",0,"beach",141,-6.632,0.2537
"562",1,"boat",141,-6.632,0.2339
"563",0,"charter",141,-8.482,0.6288
"564",0,"pier",141,-6.632,0.1498
"565",0,"beach",142,-3.8184,0.5333
"566",0,"boat",142,-1.0062,0.1665
"567",1,"charter",142,-4.5062,0.3975
"568",0,"pier",142,-3.8184,0.4522
"573",0,"beach",144,-4.9062,0.0678
"574",0,"boat",144,-5.032,0.0108
"575",1,"charter",144,-8.532,0.2377
"576",0,"pier",144,-4.9062,0.0025
"581",0,"beach",146,-8.5698,0.1049
"582",0,"boat",146,-6.0306,0.0023
"583",1,"charter",146,-8.4306,0.0046
"584",0,"pier",146,-8.5698,0.0451
"585",0,"beach",147,-16.6698,0.2537
"586",0,"boat",147,-16.6698,0.0626
"587",1,"charter",147,-18.5198,0.2773
"588",0,"pier",147,-16.6698,0.0014
"593",0,"beach",149,-12.8706,0.0678
"594",1,"boat",149,-18.2898,0.0897
"595",0,"charter",149,-21.7898,1.0905
"596",0,"pier",149,-12.8706,0.0789
"605",0,"beach",152,-9.2058,0.5333
"606",0,"boat",152,-2.6106,0.0156
"607",1,"charter",152,-6.1106,0.0058
"608",0,"pier",152,-9.2058,0.4522
"609",0,"beach",153,-13.935,0.1049
"610",1,"boat",153,-6.3172,0.0613
"611",0,"charter",153,-8.7172,0.3087
"612",0,"pier",153,-13.935,0.0079
"613",0,"beach",154,-10.935,0.1049
"614",1,"boat",154,-4.9572,0.0613
"615",0,"charter",154,-7.3572,0.3087
"616",0,"pier",154,-10.935,0.0079
"621",0,"beach",156,-7.1214,0.0678
"622",1,"boat",156,-7.1214,0.0276
"623",0,"charter",156,-9.6214,0.0029
"624",0,"pier",156,-7.1214,0.0503
"625",0,"beach",157,-9.435,0.1049
"626",1,"boat",157,-4.2772,0.1574
"627",0,"charter",157,-6.6772,0.4671
"628",0,"pier",157,-9.435,0.0451
"629",0,"beach",158,-10.935,0.1049
"630",0,"boat",158,-4.9572,0.0023
"631",1,"charter",158,-7.3572,0.0046
"632",0,"pier",158,-10.935,0.0451
"633",0,"beach",159,-4.9572,0.0678
"634",0,"boat",159,-12.1014,0.1643
"635",0,"charter",159,-15.0014,0.5391
"636",1,"pier",159,-4.9572,0.0789
"637",0,"beach",160,-20.631,0.5333
"638",0,"boat",160,-3.5972,0.2413
"639",1,"charter",160,-7.0972,1.0266
"640",0,"pier",160,-20.631,0.4522
"641",0,"beach",161,-24.531,0.5333
"642",0,"boat",161,-4.2772,0.0051
"643",1,"charter",161,-7.7772,1.0266
"644",0,"pier",161,-24.531,0.4522
"661",1,"beach",166,-1.5572,0.0678
"662",0,"boat",166,-3.8014,0.1643
"663",0,"charter",166,-6.7014,0.5391
"664",0,"pier",166,-1.5572,0.0789
"665",0,"beach",167,-7.1214,0.0678
"666",1,"boat",167,-7.1214,0.2601
"667",0,"charter",167,-9.6214,0.5391
"668",0,"pier",167,-7.1214,0.0503
"669",0,"beach",168,-10.4414,0.0678
"670",1,"boat",168,-9.435,0.0143
"671",0,"charter",168,-12.385,0.0289
"672",0,"pier",168,-10.4414,0.0503
"685",0,"beach",172,-33.534,0.5333
"686",1,"boat",172,-7.29,0.0361
"687",0,"charter",172,-10.79,0.4216
"688",0,"pier",172,-33.534,0.0069
"693",1,"beach",174,-2.2372,0.0678
"694",0,"boat",174,-5.4614,0.1643
"695",0,"charter",174,-8.3614,0.5391
"696",0,"pier",174,-2.2372,0.0789
"697",0,"beach",175,-20.631,0.5333
"698",0,"boat",175,-3.5972,0.0361
"699",1,"charter",175,-7.0972,0.4216
"700",0,"pier",175,-20.631,0.0069
"705",0,"beach",177,-32.331,0.5333
"706",1,"boat",177,-5.6372,0.0051
"707",0,"charter",177,-9.1372,1.0266
"708",0,"pier",177,-32.331,0.4522
"717",0,"beach",180,-7.1214,0.0678
"718",0,"boat",180,-6.435,0.1082
"719",1,"charter",180,-9.385,0.324
"720",0,"pier",180,-7.1214,0.0503
"721",1,"beach",181,-4.9572,0.0678
"722",0,"boat",181,-12.1014,0.1643
"723",0,"charter",181,-15.0014,0.5391
"724",0,"pier",181,-4.9572,0.0789
"725",0,"beach",182,-15.1008,0.5333
"726",0,"boat",182,-3.2604,0.2413
"727",1,"charter",182,-6.7604,1.0266
"728",0,"pier",182,-15.1008,0.4522
"733",0,"beach",184,-9.2058,0.5333
"734",1,"boat",184,-2.6106,0.0361
"735",0,"charter",184,-6.1106,0.4216
"736",0,"pier",184,-9.2058,0.0069
"741",0,"beach",186,-13.2258,0.5333
"742",0,"boat",186,-3.7506,0.2413
"743",1,"charter",186,-7.2506,1.0266
"744",0,"pier",186,-13.2258,0.4522
"753",1,"beach",189,-3.4914,0.2537
"754",0,"boat",189,-3.4914,0.2339
"755",0,"charter",189,-5.3414,0.6288
"756",0,"pier",189,-3.4914,0.1498
"765",0,"beach",192,-22.1408,0.5333
"766",0,"boat",192,-4.7804,0.0051
"767",1,"charter",192,-8.2804,1.0266
"768",0,"pier",192,-22.1408,0.4522
"777",0,"beach",195,-1.0534,0.0678
"778",0,"boat",195,-1.5114,0.0102
"779",1,"charter",195,-5.0114,0.0209
"780",0,"pier",195,-1.0534,0.0789
"785",0,"beach",197,-25.2858,0.5333
"786",0,"boat",197,-7.1706,0.1665
"787",1,"charter",197,-10.6706,0.3975
"788",0,"pier",197,-25.2858,0.4522
"789",0,"beach",198,-7.5504,0.0678
"790",0,"boat",198,-7.5504,0.2601
"791",0,"charter",198,-10.0504,0.5391
"792",1,"pier",198,-7.5504,0.0503
"793",0,"beach",199,-2.6106,0.0678
"794",0,"boat",199,-3.7098,0.0108
"795",1,"charter",199,-7.2098,0.2377
"796",0,"pier",199,-2.6106,0.0025
"797",0,"beach",200,-2.2704,0.0678
"798",0,"boat",200,-2.0898,0.0016
"799",1,"charter",200,-5.0398,0.1176
"800",0,"pier",200,-2.2704,0.0503
"801",0,"beach",201,-7.1706,0.0678
"802",1,"boat",201,-10.1898,0.0559
"803",0,"charter",201,-13.6898,0.6456
"804",0,"pier",201,-7.1706,0.0789
"809",0,"beach",203,-45.3858,0.5333
"810",0,"boat",203,-12.8706,0.0361
"811",1,"charter",203,-16.3706,0.4216
"812",0,"pier",203,-45.3858,0.0069
"821",0,"beach",206,-6.9498,0.2537
"822",1,"boat",206,-6.9498,0.2339
"823",0,"charter",206,-8.7998,0.6288
"824",0,"pier",206,-6.9498,0.1498
"829",0,"beach",208,-7.0448,0.1049
"830",1,"boat",208,-4.7804,0.1574
"831",0,"charter",208,-7.1804,0.4671
"832",0,"pier",208,-7.0448,0.0451
"849",0,"beach",213,-29.1808,0.5333
"850",0,"boat",213,-6.3004,0.0156
"851",1,"charter",213,-9.8004,0.0058
"852",0,"pier",213,-29.1808,0.4522
"853",0,"beach",214,-3.2604,0.0678
"854",0,"boat",214,-6.864,0.1643
"855",0,"charter",214,-9.764,0.5391
"856",1,"pier",214,-3.2604,0.0789
"857",0,"beach",215,-3.664,0.0678
"858",0,"boat",215,-3.664,0.1491
"859",1,"charter",215,-6.164,0.2421
"860",0,"pier",215,-3.664,0.0052
"869",0,"beach",218,-10.0674,0.5333
"870",0,"boat",218,-1.5134,0.0156
"871",1,"charter",218,-5.0134,0.0058
"872",0,"pier",218,-10.0674,0.4522
"881",0,"beach",221,-45.3858,0.5333
"882",0,"boat",221,-12.8706,0.2413
"883",1,"charter",221,-16.3706,1.0266
"884",0,"pier",221,-45.3858,0.4522
"885",0,"beach",222,-25.2858,0.5333
"886",0,"boat",222,-7.1706,0.0156
"887",1,"charter",222,-10.6706,0.0058
"888",0,"pier",222,-25.2858,0.4522
"889",0,"beach",223,-25.5798,0.1049
"890",1,"boat",223,-18.0006,0.1574
"891",0,"charter",223,-20.4006,0.4671
"892",0,"pier",223,-25.5798,0.0451
"897",0,"beach",225,-9.2058,0.5333
"898",1,"boat",225,-2.6106,0.2413
"899",0,"charter",225,-6.1106,1.0266
"900",0,"pier",225,-9.2058,0.4522
"901",0,"beach",226,-8.1648,0.1049
"902",0,"boat",226,-5.5404,0.1574
"903",1,"charter",226,-7.9404,0.4671
"904",0,"pier",226,-8.1648,0.0451
"913",0,"beach",229,-1.0534,0.0678
"914",0,"boat",229,-1.5114,0.0102
"915",1,"charter",229,-5.0114,0.0209
"916",0,"pier",229,-1.0534,0.0789
"917",0,"beach",230,-0.5922,0.0678
"918",0,"boat",230,-0.5922,0.2601
"919",0,"charter",230,-3.0922,0.5391
"920",1,"pier",230,-0.5922,0.0503
"921",0,"beach",231,-1.1322,0.0678
"922",0,"boat",231,-1.1322,0.0276
"923",0,"charter",231,-3.6322,0.0029
"924",1,"pier",231,-1.1322,0.0503
"925",0,"beach",232,-0.629,0.0678
"926",0,"boat",232,-0.629,0.1643
"927",0,"charter",232,-3.529,0.5391
"928",1,"pier",232,-0.629,0.0789
"929",0,"beach",233,-1.7986,0.0678
"930",1,"boat",233,-1.7986,0.0014
"931",0,"charter",233,-4.6986,0.0029
"932",0,"pier",233,-1.7986,0.0789
"933",0,"beach",234,-1.7986,0.0678
"934",0,"boat",234,-1.7986,0.023
"935",1,"charter",234,-4.2986,0.1648
"936",0,"pier",234,-1.7986,0.0503
"937",0,"beach",235,-1.7986,0.0678
"938",0,"boat",235,-1.7986,0.1643
"939",1,"charter",235,-4.6986,0.5391
"940",0,"pier",235,-1.7986,0.0789
"941",0,"beach",236,-4.5186,0.0678
"942",1,"boat",236,-4.5186,0.2601
"943",0,"charter",236,-7.0186,0.5391
"944",0,"pier",236,-4.5186,0.0503
"945",1,"beach",237,-2.1386,0.0678
"946",0,"boat",237,-2.1386,0.1491
"947",0,"charter",237,-4.6386,0.2421
"948",0,"pier",237,-2.1386,0.0052
"949",1,"beach",238,-0.9522,0.0678
"950",0,"boat",238,-0.9522,0.2601
"951",0,"charter",238,-3.4522,0.5391
"952",0,"pier",238,-0.9522,0.0503
"957",0,"beach",240,-3.2242,0.0678
"958",1,"boat",240,-0.5922,0.0014
"959",0,"charter",240,-3.4922,0.0029
"960",0,"pier",240,-3.2242,0.0789
"965",0,"beach",242,-1.1322,0.0678
"966",1,"boat",242,-1.1322,0.0276
"967",0,"charter",242,-3.6322,0.0029
"968",0,"pier",242,-1.1322,0.0503
"969",1,"beach",243,-0.9522,0.0678
"970",0,"boat",243,-0.9522,0.0276
"971",0,"charter",243,-3.4522,0.0029
"972",0,"pier",243,-0.9522,0.0503
"973",1,"beach",244,-7.1442,0.0678
"974",0,"boat",244,-1.3122,0.1643
"975",0,"charter",244,-4.2122,0.5391
"976",0,"pier",244,-7.1442,0.0789
"977",0,"beach",245,-1.458,0.0678
"978",1,"boat",245,-1.458,0.2601
"979",0,"charter",245,-3.958,0.5391
"980",0,"pier",245,-1.458,0.0503
"981",0,"beach",246,-0.858,0.0678
"982",0,"boat",246,-0.858,0.1491
"983",1,"charter",246,-3.358,0.2421
"984",0,"pier",246,-0.858,0.0052
"985",0,"beach",247,-5.661,0.0678
"986",0,"boat",247,-1.258,0.0499
"987",1,"charter",247,-4.158,0.2421
"988",0,"pier",247,-5.661,0.0025
"989",0,"beach",248,-1.858,0.0678
"990",0,"boat",248,-1.858,0.2601
"991",1,"charter",248,-4.358,0.5391
"992",0,"pier",248,-1.858,0.0503
"993",0,"beach",249,-0.858,0.0678
"994",0,"boat",249,-0.858,0.2601
"995",0,"charter",249,-3.358,0.5391
"996",1,"pier",249,-0.858,0.0503
"1001",0,"beach",251,-2.961,0.0678
"1002",0,"boat",251,-0.658,0.0499
"1003",1,"charter",251,-3.558,0.2421
"1004",0,"pier",251,-2.961,0.0025
"1009",0,"beach",253,-0.458,0.0678
"1010",0,"boat",253,-0.458,0.023
"1011",1,"charter",253,-2.958,0.1648
"1012",0,"pier",253,-0.458,0.0503
"1013",0,"beach",254,-0.658,0.0678
"1014",1,"boat",254,-0.658,0.0031
"1015",0,"charter",254,-3.158,0.0041
"1016",0,"pier",254,-0.658,0.0503
"1037",0,"beach",260,-26.45,0.5333
"1038",1,"boat",260,-0.529,0.0156
"1039",0,"charter",260,-4.029,0.0058
"1040",0,"pier",260,-26.45,0.4522
"1061",0,"beach",266,-1.587,0.0678
"1062",0,"boat",266,-1.587,0.0276
"1063",0,"charter",266,-4.087,0.0029
"1064",1,"pier",266,-1.587,0.0503
"1073",0,"beach",269,-0.658,0.0678
"1074",1,"boat",269,-0.658,0.1491
"1075",0,"charter",269,-3.158,0.2421
"1076",0,"pier",269,-0.658,0.0052
"1081",0,"beach",271,-0.7722,0.0678
"1082",0,"boat",271,-0.7722,0.0276
"1083",1,"charter",271,-3.2722,0.0029
"1084",0,"pier",271,-0.7722,0.0503
"1093",0,"beach",274,-0.329,0.0678
"1094",1,"boat",274,-0.329,0.0014
"1095",0,"charter",274,-3.229,0.0029
"1096",0,"pier",274,-0.329,0.0789
"1105",0,"beach",277,-26.45,0.5333
"1106",1,"boat",277,-0.529,0.0051
"1107",0,"charter",277,-4.029,1.0266
"1108",0,"pier",277,-26.45,0.4522
"1113",1,"beach",279,-1.329,0.0678
"1114",0,"boat",279,-1.329,0.1643
"1115",0,"charter",279,-4.229,0.0041
"1116",0,"pier",279,-1.329,0.0789
"1129",0,"beach",283,-0.629,0.0678
"1130",0,"boat",283,-0.629,0.0971
"1131",1,"charter",283,-3.529,0.1648
"1132",0,"pier",283,-0.629,0.0789
"1141",0,"beach",286,-0.429,0.0678
"1142",0,"boat",286,-0.429,0.0499
"1143",1,"charter",286,-3.329,0.2421
"1144",0,"pier",286,-0.429,0.0025
"1161",0,"beach",291,-21.45,0.5333
"1162",1,"boat",291,-0.429,0.0051
"1163",0,"charter",291,-3.929,1.0266
"1164",0,"pier",291,-21.45,0.4522
"1177",0,"beach",295,-3.387,0.0678
"1178",0,"boat",295,-3.387,0.2601
"1179",1,"charter",295,-5.887,0.5391
"1180",0,"pier",295,-3.387,0.0503
"1181",0,"beach",296,-84.3186,0.5333
"1182",1,"boat",296,-5.3686,0.2413
"1183",0,"charter",296,-8.8686,1.0266
"1184",0,"pier",296,-84.3186,0.4522
"1185",0,"beach",297,-36.45,0.5333
"1186",0,"boat",297,-0.729,0.0051
"1187",1,"charter",297,-4.229,1.0266
"1188",0,"pier",297,-36.45,0.4522
"1197",0,"beach",300,-26.45,0.5333
"1198",1,"boat",300,-0.529,0.2413
"1199",0,"charter",300,-4.029,1.0266
"1200",0,"pier",300,-26.45,0.4522
"1209",0,"beach",303,-0.329,0.0678
"1210",0,"boat",303,-0.329,0.0276
"1211",0,"charter",303,-2.829,0.0029
"1212",1,"pier",303,-0.329,0.0503
"1225",1,"beach",307,-3.8386,0.0678
"1226",0,"boat",307,-3.8386,0.2601
"1227",0,"charter",307,-6.3386,0.5391
"1228",0,"pier",307,-3.8386,0.0503
"1237",0,"beach",310,-0.429,0.0678
"1238",0,"boat",310,-0.429,0.2601
"1239",1,"charter",310,-2.929,0.5391
"1240",0,"pier",310,-0.429,0.0503
"1241",0,"beach",311,-0.429,0.0678
"1242",1,"boat",311,-0.429,0.0276
"1243",0,"charter",311,-2.929,0.0029
"1244",0,"pier",311,-0.429,0.0503
"1245",0,"beach",312,-7.5012,0.1049
"1246",0,"boat",312,-0.329,0.0023
"1247",1,"charter",312,-2.729,0.0046
"1248",0,"pier",312,-7.5012,0.0451
"1261",0,"beach",316,-0.429,0.0678
"1262",0,"boat",316,-0.429,0.1491
"1263",1,"charter",316,-2.929,0.2421
"1264",0,"pier",316,-0.429,0.0052
"1265",0,"beach",317,-0.629,0.0678
"1266",0,"boat",317,-0.629,0.1643
"1267",1,"charter",317,-3.529,0.5391
"1268",0,"pier",317,-0.629,0.0789
"1277",0,"beach",320,-0.329,0.0678
"1278",0,"boat",320,-0.329,0.1491
"1279",0,"charter",320,-2.829,0.2421
"1280",1,"pier",320,-0.329,0.0052
"1281",0,"beach",321,-2.632,0.0678
"1282",0,"boat",321,-0.329,0.1643
"1283",1,"charter",321,-3.229,0.0041
"1284",0,"pier",321,-2.632,0.0789
"1293",0,"beach",324,-0.229,0.0678
"1294",0,"boat",324,-0.229,0.2601
"1295",0,"charter",324,-2.729,0.5391
"1296",1,"pier",324,-0.229,0.0503
"1297",1,"beach",325,-0.429,0.0678
"1298",0,"boat",325,-0.429,0.2601
"1299",0,"charter",325,-2.929,0.5391
"1300",0,"pier",325,-0.429,0.0503
"1305",0,"beach",327,-0.729,0.0678
"1306",1,"boat",327,-0.729,0.2601
"1307",0,"charter",327,-3.229,0.5391
"1308",0,"pier",327,-0.729,0.0503
"1309",0,"beach",328,-1.329,0.0678
"1310",0,"boat",328,-1.329,0.2601
"1311",0,"charter",328,-3.829,0.5391
"1312",1,"pier",328,-1.329,0.0503
"1313",0,"beach",329,-0.329,0.0678
"1314",1,"boat",329,-0.329,0.023
"1315",0,"charter",329,-2.829,0.1648
"1316",0,"pier",329,-0.329,0.0503
"1317",0,"beach",330,-0.629,0.0678
"1318",1,"boat",330,-0.629,0.1491
"1319",0,"charter",330,-3.129,0.2421
"1320",0,"pier",330,-0.629,0.0052
"1321",0,"beach",331,-2.632,0.0678
"1322",0,"boat",331,-0.329,0.0971
"1323",1,"charter",331,-3.229,0.1648
"1324",0,"pier",331,-2.632,0.0789
"1337",0,"beach",335,-0.429,0.0678
"1338",0,"boat",335,-0.429,0.2601
"1339",0,"charter",335,-2.929,0.5391
"1340",1,"pier",335,-0.429,0.0503
"1341",0,"beach",336,-0.629,0.0678
"1342",0,"boat",336,-0.629,0.2601
"1343",1,"charter",336,-3.129,0.5391
"1344",0,"pier",336,-0.629,0.0503
"1345",1,"beach",337,-0.229,0.0678
"1346",0,"boat",337,-0.229,0.0276
"1347",0,"charter",337,-2.729,0.0029
"1348",0,"pier",337,-0.229,0.0503
"1349",0,"beach",338,-0.529,0.0678
"1350",0,"boat",338,-0.529,0.0276
"1351",0,"charter",338,-3.029,0.0029
"1352",1,"pier",338,-0.529,0.0503
"1357",0,"beach",340,-0.229,0.0678
"1358",1,"boat",340,-0.229,0.0276
"1359",0,"charter",340,-2.729,0.0029
"1360",0,"pier",340,-0.229,0.0503
"1361",0,"beach",341,-3.432,0.0678
"1362",1,"boat",341,-0.429,0.0014
"1363",0,"charter",341,-3.329,0.0029
"1364",0,"pier",341,-3.432,0.0789
"1365",0,"beach",342,-0.629,0.0678
"1366",0,"boat",342,-0.629,0.0276
"1367",1,"charter",342,-3.129,0.0029
"1368",0,"pier",342,-0.629,0.0503
"1381",0,"beach",346,-0.829,0.0678
"1382",1,"boat",346,-0.829,0.0276
"1383",0,"charter",346,-3.329,0.0029
"1384",0,"pier",346,-0.829,0.0503
"1389",0,"beach",348,-2.632,0.0678
"1390",0,"boat",348,-0.329,0.0014
"1391",1,"charter",348,-3.229,0.0029
"1392",0,"pier",348,-2.632,0.0789
"1393",0,"beach",349,-0.729,0.0678
"1394",0,"boat",349,-0.729,0.2601
"1395",1,"charter",349,-3.229,0.5391
"1396",0,"pier",349,-0.729,0.0503
"1397",0,"beach",350,-5.145,0.0678
"1398",1,"boat",350,-3.087,0.1643
"1399",0,"charter",350,-5.987,0.5391
"1400",0,"pier",350,-5.145,0.0789
"1409",0,"beach",353,-2.187,0.0678
"1410",0,"boat",353,-2.187,0.023
"1411",1,"charter",353,-4.687,0.1648
"1412",0,"pier",353,-2.187,0.0503
"1413",1,"beach",354,-2.4786,0.0678
"1414",0,"boat",354,-2.4786,0.2601
"1415",0,"charter",354,-4.9786,0.5391
"1416",0,"pier",354,-2.4786,0.0503
"1421",0,"beach",356,-45.595,0.5333
"1422",0,"boat",356,-4.145,0.0361
"1423",1,"charter",356,-7.645,0.4216
"1424",0,"pier",356,-45.595,0.0069
"1425",0,"beach",357,-1.287,0.0678
"1426",1,"boat",357,-1.287,0.2601
"1427",0,"charter",357,-3.787,0.5391
"1428",0,"pier",357,-1.287,0.0503
"1437",0,"beach",360,-2.487,0.0678
"1438",1,"boat",360,-2.487,0.2601
"1439",0,"charter",360,-4.987,0.5391
"1440",0,"pier",360,-2.487,0.0503
"1441",0,"beach",361,-4.645,0.0678
"1442",0,"boat",361,-2.787,0.1643
"1443",1,"charter",361,-5.687,0.0041
"1444",0,"pier",361,-4.645,0.0789
"1449",0,"beach",363,-0.4122,0.0678
"1450",0,"boat",363,-0.4122,0.2601
"1451",0,"charter",363,-2.9122,0.5391
"1452",1,"pier",363,-0.4122,0.0503
"1457",0,"beach",365,-11.9554,0.1049
"1458",1,"boat",365,-7.3002,0.0238
"1459",0,"charter",365,-9.7002,0.0468
"1460",0,"pier",365,-11.9554,0.0451
"1461",0,"beach",366,-4.5402,0.0678
"1462",1,"boat",366,-7.4354,0.0897
"1463",0,"charter",366,-10.9354,1.0905
"1464",0,"pier",366,-4.5402,0.0789
"1473",0,"beach",369,-3.1602,0.0678
"1474",0,"boat",369,-5.1754,0.0102
"1475",1,"charter",369,-8.6754,0.0209
"1476",0,"pier",369,-3.1602,0.0789
"1485",0,"beach",372,-2.0898,0.0678
"1486",0,"boat",372,-2.0898,0.1643
"1487",0,"charter",372,-4.9898,0.5391
"1488",1,"pier",372,-2.0898,0.0789
"1497",0,"beach",375,-2.6832,0.0678
"1498",0,"boat",375,-2.6832,0.1491
"1499",1,"charter",375,-5.1832,0.2421
"1500",0,"pier",375,-2.6832,0.0052
"1501",0,"beach",376,-11.0032,0.0678
"1502",0,"boat",376,-11.0032,0.2601
"1503",1,"charter",376,-13.5032,0.5391
"1504",0,"pier",376,-11.0032,0.0503
"1513",0,"beach",379,-35.3498,0.5333
"1514",0,"boat",379,-13.0832,0.2413
"1515",1,"charter",379,-16.5832,1.0266
"1516",0,"pier",379,-35.3498,0.4522
"1517",0,"beach",380,-6.8432,0.0678
"1518",1,"boat",380,-10.6596,0.0559
"1519",0,"charter",380,-14.1596,0.6456
"1520",0,"pier",380,-6.8432,0.0789
"1521",0,"beach",381,-9.0948,0.0678
"1522",0,"boat",381,-9.0948,0.0014
"1523",0,"charter",381,-11.9948,0.0029
"1524",1,"pier",381,-9.0948,0.0789
"1525",0,"beach",382,-13.299,0.1049
"1526",1,"boat",382,-9.0948,0.0023
"1527",0,"charter",382,-11.4948,0.0046
"1528",0,"pier",382,-13.299,0.0451
"1533",0,"beach",384,-6.5016,0.5333
"1534",0,"boat",384,-2.6574,0.2413
"1535",1,"charter",384,-6.1574,1.0266
"1536",0,"pier",384,-6.5016,0.4522
"1545",0,"beach",387,-29.5422,0.1049
"1546",1,"boat",387,-11.5196,0.1574
"1547",0,"charter",387,-13.9196,0.4671
"1548",0,"pier",387,-29.5422,0.0451
"1557",0,"beach",390,-17.0774,0.0678
"1558",0,"boat",390,-21.8856,0.0108
"1559",1,"charter",390,-25.3856,0.2377
"1560",0,"pier",390,-17.0774,0.0025
"1561",0,"beach",391,-8.8374,0.0678
"1562",0,"boat",391,-11.3256,0.0559
"1563",1,"charter",391,-14.8256,0.6456
"1564",0,"pier",391,-8.8374,0.0789
"1589",0,"beach",398,-10.6596,0.2537
"1590",0,"boat",398,-16.8448,0.6817
"1591",1,"charter",398,-19.3448,2.3014
"1592",0,"pier",398,-10.6596,0.1498
"1601",0,"beach",401,-17.1396,0.2537
"1602",1,"boat",401,-27.0848,0.0531
"1603",0,"charter",401,-29.5848,0.0052
"1604",0,"pier",401,-17.1396,0.1498
"1605",0,"beach",402,-10.7916,0.0678
"1606",0,"boat",402,-13.8598,0.0559
"1607",1,"charter",402,-17.3598,0.6456
"1608",0,"pier",402,-10.7916,0.0789
"1617",0,"beach",405,-8.6658,0.1049
"1618",1,"boat",405,-3.7752,0.0023
"1619",0,"charter",405,-6.1752,0.0046
"1620",0,"pier",405,-8.6658,0.0451
"1621",0,"beach",406,-5.805,0.5333
"1622",1,"boat",406,-1.1352,0.0361
"1623",0,"charter",406,-4.6352,0.4216
"1624",0,"pier",406,-5.805,0.0069
"1625",0,"beach",407,-8.6658,0.1049
"1626",1,"boat",407,-3.7752,0.0023
"1627",0,"charter",407,-6.1752,0.0046
"1628",0,"pier",407,-8.6658,0.0451
"1629",0,"beach",408,-8.5698,0.1049
"1630",0,"boat",408,-6.0306,0.0023
"1631",1,"charter",408,-8.4306,0.0046
"1632",0,"pier",408,-8.5698,0.0451
"1633",0,"beach",409,-21.2658,0.5333
"1634",0,"boat",409,-6.0306,0.0156
"1635",1,"charter",409,-9.5306,0.0058
"1636",0,"pier",409,-21.2658,0.4522
"1653",0,"beach",414,-17.2458,0.5333
"1654",1,"boat",414,-4.8906,0.2413
"1655",0,"charter",414,-8.3906,1.0266
"1656",0,"pier",414,-17.2458,0.4522
"1657",0,"beach",415,-21.2658,0.5333
"1658",0,"boat",415,-6.0306,0.0361
"1659",1,"charter",415,-9.5306,0.4216
"1660",0,"pier",415,-21.2658,0.0069
"1665",0,"beach",417,-3.4874,0.0678
"1666",0,"boat",417,-3.4874,0.1643
"1667",0,"charter",417,-6.3874,0.5391
"1668",1,"pier",417,-3.4874,0.0789
"1677",0,"beach",420,-26.1326,0.5333
"1678",0,"boat",420,-5.6074,0.0156
"1679",1,"charter",420,-9.1074,0.0058
"1680",0,"pier",420,-26.1326,0.4522
"1701",0,"beach",426,-19.1334,0.5333
"1702",0,"boat",426,-6.435,0.0361
"1703",1,"charter",426,-9.935,0.4216
"1704",0,"pier",426,-19.1334,0.0069
"1705",0,"beach",427,-4.935,0.0678
"1706",1,"boat",427,-6.7774,0.0897
"1707",0,"charter",427,-10.2774,1.0905
"1708",0,"pier",427,-4.935,0.0789
"1725",0,"beach",432,-23.5934,0.5333
"1726",0,"boat",432,-7.935,0.0361
"1727",1,"charter",432,-11.435,0.4216
"1728",0,"pier",432,-23.5934,0.0069
"1733",0,"beach",434,-6.7774,0.1049
"1734",0,"boat",434,-4.935,0.0613
"1735",1,"charter",434,-7.335,0.3087
"1736",0,"pier",434,-6.7774,0.0079
"1749",0,"beach",438,-32.2218,0.5333
"1750",0,"boat",438,-9.477,0.1665
"1751",1,"charter",438,-12.977,0.3975
"1752",0,"pier",438,-32.2218,0.4522
"1753",0,"beach",439,-18.9618,0.5333
"1754",1,"boat",439,-5.577,0.2413
"1755",0,"charter",439,-9.077,1.0266
"1756",0,"pier",439,-18.9618,0.4522
"1757",0,"beach",440,-48.9804,0.5333
"1758",0,"boat",440,-5.9682,0.2413
"1759",1,"charter",440,-9.4682,1.0266
"1760",0,"pier",440,-48.9804,0.4522
"1761",0,"beach",441,-7.5012,0.1049
"1762",0,"boat",441,-1.9082,0.0613
"1763",1,"charter",441,-4.3082,0.3087
"1764",0,"pier",441,-7.5012,0.0079
"1765",0,"beach",442,-25.1804,0.5333
"1766",0,"boat",442,-3.0682,0.2413
"1767",1,"charter",442,-6.5682,1.0266
"1768",0,"pier",442,-25.1804,0.4522
"1773",0,"beach",444,-1.3282,0.0678
"1774",0,"boat",444,-1.3282,0.1643
"1775",0,"charter",444,-4.2282,0.5391
"1776",1,"pier",444,-1.3282,0.0789
"1781",1,"beach",446,-7.4196,0.2537
"1782",0,"boat",446,-7.4196,8e-04
"1783",0,"charter",446,-9.2696,0.0027
"1784",0,"pier",446,-7.4196,0.1498
"1801",0,"beach",451,-13.377,0.0678
"1802",0,"boat",451,-13.377,0.1491
"1803",1,"charter",451,-15.877,0.2421
"1804",0,"pier",451,-13.377,0.0052
"1805",0,"beach",452,-9.477,0.0678
"1806",0,"boat",452,-9.477,0.1643
"1807",0,"charter",452,-12.377,0.5391
"1808",1,"pier",452,-9.477,0.0789
"1813",0,"beach",454,-12.7058,0.1049
"1814",1,"boat",454,-8.177,0.0613
"1815",0,"charter",454,-10.577,0.3087
"1816",0,"pier",454,-12.7058,0.0079
"1817",0,"beach",455,-4.7174,0.1049
"1818",0,"boat",455,-3.435,0.0613
"1819",1,"charter",455,-5.835,0.3087
"1820",0,"pier",455,-4.7174,0.0079
"1829",0,"beach",458,-25.3174,0.1049
"1830",0,"boat",458,-18.435,0.0613
"1831",1,"charter",458,-20.835,0.3087
"1832",0,"pier",458,-25.3174,0.0079
"1833",0,"beach",459,-18.1896,0.5333
"1834",0,"boat",459,-5.4054,0.2413
"1835",1,"charter",459,-8.9054,1.0266
"1836",0,"pier",459,-18.1896,0.4522
"1841",0,"beach",461,-10.4454,0.0678
"1842",1,"boat",461,-12.7666,0.0014
"1843",0,"charter",461,-15.6666,0.0029
"1844",0,"pier",461,-10.4454,0.0789
"1845",0,"beach",462,-37.305,0.5333
"1846",0,"boat",462,-7.2952,0.2413
"1847",1,"charter",462,-10.7952,1.0266
"1848",0,"pier",462,-37.305,0.4522
"1849",0,"beach",463,-4.5474,0.0678
"1850",1,"boat",463,-4.5474,0.1491
"1851",0,"charter",463,-7.0474,0.2421
"1852",0,"pier",463,-4.5474,0.0052
"1857",0,"beach",465,-10.6858,0.1049
"1858",0,"boat",465,-6.877,0.0023
"1859",1,"charter",465,-9.277,0.0046
"1860",0,"pier",465,-10.6858,0.0451
"1865",0,"beach",467,-14.7258,0.1049
"1866",1,"boat",467,-9.477,0.0023
"1867",0,"charter",467,-11.877,0.0046
"1868",0,"pier",467,-14.7258,0.0451
"1869",0,"beach",468,-14.7258,0.1049
"1870",1,"boat",468,-9.477,0.0238
"1871",0,"charter",468,-11.877,0.0468
"1872",0,"pier",468,-14.7258,0.0451
"1877",0,"beach",470,-6.6458,0.1049
"1878",0,"boat",470,-4.277,0.0613
"1879",1,"charter",470,-6.677,0.3087
"1880",0,"pier",470,-6.6458,0.0079
"1881",0,"beach",471,-27.8018,0.5333
"1882",1,"boat",471,-8.177,0.1665
"1883",0,"charter",471,-11.677,0.3975
"1884",0,"pier",471,-27.8018,0.4522
"1885",0,"beach",472,-23.3818,0.5333
"1886",0,"boat",472,-6.877,0.0156
"1887",1,"charter",472,-10.377,0.0058
"1888",0,"pier",472,-23.3818,0.4522
"1889",0,"beach",473,-6.6458,0.1049
"1890",0,"boat",473,-4.277,0.0238
"1891",1,"charter",473,-6.677,0.0468
"1892",0,"pier",473,-6.6458,0.0451
"1893",0,"beach",474,-27.8018,0.5333
"1894",0,"boat",474,-8.177,0.0361
"1895",1,"charter",474,-11.677,0.4216
"1896",0,"pier",474,-27.8018,0.0069
"1917",0,"beach",480,-9.7812,0.1049
"1918",1,"boat",480,-2.4882,0.0023
"1919",0,"charter",480,-4.8882,0.0046
"1920",0,"pier",480,-9.7812,0.0451
"1921",0,"beach",481,-3.6482,0.0678
"1922",1,"boat",481,-3.6482,0.0499
"1923",0,"charter",481,-6.5482,0.2421
"1924",0,"pier",481,-3.6482,0.0025
"1933",0,"beach",484,-21.6216,0.5333
"1934",0,"boat",484,-8.8374,0.0361
"1935",1,"charter",484,-12.3374,0.4216
"1936",0,"pier",484,-21.6216,0.0069
"1937",0,"beach",485,-13.9656,0.1049
"1938",1,"boat",485,-10.8974,0.1574
"1939",0,"charter",485,-13.2974,0.4671
"1940",0,"pier",485,-13.9656,0.0451
"1953",1,"beach",489,-8.7814,0.0678
"1954",0,"boat",489,-8.7814,0.2601
"1955",0,"charter",489,-11.2814,0.5391
"1956",0,"pier",489,-8.7814,0.0503
"1957",0,"beach",490,-41.4334,0.5333
"1958",0,"boat",490,-13.935,0.2413
"1959",1,"charter",490,-17.435,1.0266
"1960",0,"pier",490,-41.4334,0.4522
"1977",0,"beach",495,-4.1454,0.0678
"1978",0,"boat",495,-5.0666,0.0499
"1979",0,"charter",495,-7.9666,0.2421
"1980",1,"pier",495,-4.1454,0.0025
"1989",0,"beach",498,-4.1454,0.0678
"1990",0,"boat",498,-6.0536,0.0559
"1991",1,"charter",498,-9.5536,0.6456
"1992",0,"pier",498,-4.1454,0.0789
"2001",0,"beach",501,-35.1496,0.5333
"2002",0,"boat",501,-10.4454,0.0361
"2003",1,"charter",501,-13.9454,0.4216
"2004",0,"pier",501,-35.1496,0.0069
"2017",0,"beach",505,-2.3736,0.2537
"2018",0,"boat",505,-2.3736,0.0233
"2019",0,"charter",505,-4.2236,0.0219
"2020",1,"pier",505,-2.3736,0.1498
"2021",0,"beach",506,-5.4696,0.5333
"2022",0,"boat",506,-1.6254,0.0156
"2023",1,"charter",506,-5.1254,0.0058
"2024",0,"pier",506,-5.4696,0.4522
"2029",0,"beach",508,-5.6074,0.0678
"2030",0,"boat",508,-9.2046,0.0102
"2031",1,"charter",508,-12.7046,0.0209
"2032",0,"pier",508,-5.6074,0.0789
"2033",0,"beach",509,-26.0406,0.5333
"2034",0,"boat",509,-6.6674,0.0156
"2035",1,"charter",509,-10.1674,0.0058
"2036",0,"pier",509,-26.0406,0.4522
"2049",0,"beach",513,-38.4606,0.5333
"2050",1,"boat",513,-9.8474,0.2413
"2051",0,"charter",513,-13.3474,1.0266
"2052",0,"pier",513,-38.4606,0.4522
"2053",0,"beach",514,-26.0406,0.5333
"2054",0,"boat",514,-6.6674,0.0156
"2055",1,"charter",514,-10.1674,0.0058
"2056",0,"pier",514,-26.0406,0.4522
"2057",0,"beach",515,-3.4874,0.0678
"2058",0,"boat",515,-4.4086,0.0014
"2059",0,"charter",515,-7.3086,0.0029
"2060",1,"pier",515,-3.4874,0.0789
"2061",1,"beach",516,-9.7686,0.0678
"2062",0,"boat",516,-9.7686,0.1491
"2063",0,"charter",516,-12.2686,0.2421
"2064",0,"pier",516,-9.7686,0.0052
"2065",1,"beach",517,-4.4086,0.0678
"2066",0,"boat",517,-4.4086,0.2601
"2067",0,"charter",517,-6.9086,0.5391
"2068",0,"pier",517,-4.4086,0.0503
"2069",0,"beach",518,-5.3406,0.5333
"2070",0,"boat",518,-1.3674,0.0156
"2071",1,"charter",518,-4.8674,0.0058
"2072",0,"pier",518,-5.3406,0.4522
"2073",0,"beach",519,-7.4646,0.2537
"2074",0,"boat",519,-17.7606,0.0531
"2075",1,"charter",519,-20.2606,0.0052
"2076",0,"pier",519,-7.4646,0.1498
"2077",0,"beach",520,-14.4246,0.2537
"2078",0,"boat",520,-14.4246,0.0233
"2079",0,"charter",520,-16.2746,0.0219
"2080",1,"pier",520,-14.4246,0.1498
"2093",1,"beach",524,-5.6074,0.0678
"2094",0,"boat",524,-7.0886,0.1643
"2095",0,"charter",524,-9.9886,0.5391
"2096",0,"pier",524,-5.6074,0.0789
"2097",0,"beach",525,-16.7374,0.0678
"2098",0,"boat",525,-21.1586,0.1643
"2099",1,"charter",525,-24.0586,0.5391
"2100",0,"pier",525,-16.7374,0.0789
"2109",0,"beach",528,-34.3206,0.5333
"2110",1,"boat",528,-8.7874,0.1665
"2111",0,"charter",528,-12.2874,0.3975
"2112",0,"pier",528,-34.3206,0.4522
"2117",0,"beach",530,-23.3818,0.5333
"2118",1,"boat",530,-6.877,0.2413
"2119",0,"charter",530,-10.377,1.0266
"2120",0,"pier",530,-23.3818,0.4522
"2121",0,"beach",531,-34.3206,0.5333
"2122",0,"boat",531,-8.7874,0.0051
"2123",1,"charter",531,-12.2874,1.0266
"2124",0,"pier",531,-34.3206,0.4522
"2141",0,"beach",536,-15.1008,0.5333
"2142",0,"boat",536,-3.2604,0.0156
"2143",1,"charter",536,-6.7604,0.0058
"2144",0,"pier",536,-15.1008,0.4522
"2145",0,"beach",537,-10.1004,0.0678
"2146",0,"boat",537,-21.264,0.0971
"2147",1,"charter",537,-24.164,0.1648
"2148",0,"pier",537,-10.1004,0.0789
"2149",0,"beach",538,-11.5808,0.5333
"2150",0,"boat",538,-2.5004,0.2413
"2151",1,"charter",538,-6.0004,1.0266
"2152",0,"pier",538,-11.5808,0.4522
"2157",0,"beach",540,-42.8064,0.5333
"2158",1,"boat",540,-4.7334,0.0361
"2159",0,"charter",540,-8.2334,0.4216
"2160",0,"pier",540,-42.8064,0.0069
"2161",0,"beach",541,-7.2072,0.1049
"2162",0,"boat",541,-1.9734,0.0023
"2163",1,"charter",541,-4.3734,0.0046
"2164",0,"pier",541,-7.2072,0.0451
"2165",0,"beach",542,-8.8872,0.1049
"2166",0,"boat",542,-2.4334,0.0613
"2167",1,"charter",542,-4.8334,0.3087
"2168",0,"pier",542,-8.8872,0.0079
"2169",0,"beach",543,-30.5072,0.5333
"2170",1,"boat",543,-1.9896,0.0361
"2171",0,"charter",543,-5.4896,0.4216
"2172",0,"pier",543,-30.5072,0.0069
"2173",0,"beach",544,-30.5072,0.5333
"2174",1,"boat",544,-1.9896,0.0361
"2175",0,"charter",544,-5.4896,0.4216
"2176",0,"pier",544,-30.5072,0.0069
"2181",0,"beach",546,-15.7872,0.5333
"2182",1,"boat",546,-1.0296,0.0361
"2183",0,"charter",546,-4.5296,0.4216
"2184",0,"pier",546,-15.7872,0.0069
"2193",0,"beach",549,-1.0534,0.0678
"2194",0,"boat",549,-1.374,0.1643
"2195",0,"charter",549,-4.274,0.5391
"2196",1,"pier",549,-1.0534,0.0789
"2201",1,"beach",551,-1.5134,0.0678
"2202",0,"boat",551,-1.974,0.1643
"2203",0,"charter",551,-4.874,0.5391
"2204",0,"pier",551,-1.5134,0.0789
"2209",0,"beach",553,-3.8134,0.0678
"2210",0,"boat",553,-4.974,0.0499
"2211",0,"charter",553,-7.874,0.2421
"2212",1,"pier",553,-3.8134,0.0025
"2221",0,"beach",556,-15.7872,0.5333
"2222",0,"boat",556,-1.0296,0.0156
"2223",1,"charter",556,-4.5296,0.0058
"2224",0,"pier",556,-15.7872,0.4522
"2229",0,"beach",558,-34.1872,0.5333
"2230",0,"boat",558,-2.2296,0.0361
"2231",1,"charter",558,-5.7296,0.4216
"2232",0,"pier",558,-34.1872,0.0069
"2237",0,"beach",560,-34.1872,0.5333
"2238",0,"boat",560,-2.2296,0.1665
"2239",1,"charter",560,-5.7296,0.3975
"2240",0,"pier",560,-34.1872,0.4522
"2241",1,"beach",561,-1.7496,0.0678
"2242",0,"boat",561,-7.8732,0.0014
"2243",0,"charter",561,-10.7732,0.0029
"2244",0,"pier",561,-1.7496,0.0789
"2249",0,"beach",563,-6.7712,0.1049
"2250",1,"boat",563,-1.2696,2e-04
"2251",0,"charter",563,-3.6696,0.0021
"2252",0,"pier",563,-6.7712,0.0451
"2253",0,"beach",564,-6.7712,0.1049
"2254",1,"boat",564,-1.2696,0.0613
"2255",0,"charter",564,-3.6696,0.3087
"2256",0,"pier",564,-6.7712,0.0079
"2265",0,"beach",567,-1.2696,0.0678
"2266",0,"boat",567,-5.7132,0.1643
"2267",0,"charter",567,-8.6132,0.5391
"2268",1,"pier",567,-1.2696,0.0789
"2273",0,"beach",569,-4.6332,0.0678
"2274",1,"boat",569,-4.6332,0.1491
"2275",0,"charter",569,-7.1332,0.2421
"2276",0,"pier",569,-4.6332,0.0052
"2277",0,"beach",570,-10.6112,0.1049
"2278",1,"boat",570,-1.9896,0.0023
"2279",0,"charter",570,-4.3896,0.0046
"2280",0,"pier",570,-10.6112,0.0451
"2285",0,"beach",572,-12.1072,0.5333
"2286",0,"boat",572,-0.7896,0.2413
"2287",1,"charter",572,-4.2896,1.0266
"2288",0,"pier",572,-12.1072,0.4522
"2297",0,"beach",575,-5.4912,0.1049
"2298",1,"boat",575,-1.0296,0.0023
"2299",0,"charter",575,-3.4296,0.0046
"2300",0,"pier",575,-5.4912,0.0451
"2301",0,"beach",576,-8.0512,0.1049
"2302",1,"boat",576,-1.5096,0.0613
"2303",0,"charter",576,-3.9096,0.3087
"2304",0,"pier",576,-8.0512,0.0079
"2309",0,"beach",578,-5.4912,0.1049
"2310",0,"boat",578,-1.0296,0.0613
"2311",1,"charter",578,-3.4296,0.3087
"2312",0,"pier",578,-5.4912,0.0079
"2317",0,"beach",580,-9.5264,0.5333
"2318",0,"boat",580,-1.0534,0.0361
"2319",1,"charter",580,-4.5534,0.4216
"2320",0,"pier",580,-9.5264,0.0069
"2321",1,"beach",581,-3.7896,0.0678
"2322",0,"boat",581,-17.0532,0.0014
"2323",0,"charter",581,-19.9532,0.0029
"2324",0,"pier",581,-3.7896,0.0789
"2325",0,"beach",582,-12.1072,0.5333
"2326",0,"boat",582,-0.7896,0.0361
"2327",1,"charter",582,-4.2896,0.4216
"2328",0,"pier",582,-12.1072,0.0069
"2329",0,"beach",583,-5.4912,0.1049
"2330",0,"boat",583,-1.0296,0.0023
"2331",1,"charter",583,-3.4296,0.0046
"2332",0,"pier",583,-5.4912,0.0451
"2333",0,"beach",584,-26.8272,0.5333
"2334",0,"boat",584,-1.7496,0.0361
"2335",1,"charter",584,-5.2496,0.4216
"2336",0,"pier",584,-26.8272,0.0069
"2341",0,"beach",586,-15.7872,0.5333
"2342",1,"boat",586,-1.0296,0.0156
"2343",0,"charter",586,-4.5296,0.0058
"2344",0,"pier",586,-15.7872,0.4522
"2349",1,"beach",588,-1.0296,0.0678
"2350",0,"boat",588,-4.6332,0.1643
"2351",0,"charter",588,-7.5332,0.5391
"2352",0,"pier",588,-1.0296,0.0789
"2353",0,"beach",589,-10.6112,0.2537
"2354",0,"boat",589,-30.5072,0.0531
"2355",1,"charter",589,-33.0072,0.0052
"2356",0,"pier",589,-10.6112,0.1498
"2357",0,"beach",590,-15.7872,0.5333
"2358",0,"boat",590,-1.0296,0.1665
"2359",1,"charter",590,-4.5296,0.3975
"2360",0,"pier",590,-15.7872,0.4522
"2365",0,"beach",592,-5.4912,0.1049
"2366",1,"boat",592,-1.0296,0.0023
"2367",0,"charter",592,-3.4296,0.0046
"2368",0,"pier",592,-5.4912,0.0451
"2369",0,"beach",593,-23.1472,0.5333
"2370",1,"boat",593,-1.5096,0.0156
"2371",0,"charter",593,-5.0096,0.0058
"2372",0,"pier",593,-23.1472,0.4522
"2373",0,"beach",594,-26.8272,0.5333
"2374",1,"boat",594,-1.7496,0.0361
"2375",0,"charter",594,-5.2496,0.4216
"2376",0,"pier",594,-26.8272,0.0069
"2377",0,"beach",595,-15.7312,0.1049
"2378",0,"boat",595,-2.9496,0.0023
"2379",1,"charter",595,-5.3496,0.0046
"2380",0,"pier",595,-15.7312,0.0451
"2381",0,"beach",596,-12.1072,0.5333
"2382",0,"boat",596,-0.7896,0.0361
"2383",1,"charter",596,-4.2896,0.4216
"2384",0,"pier",596,-12.1072,0.0069
"2385",0,"beach",597,-23.1472,0.5333
"2386",0,"boat",597,-1.5096,0.0361
"2387",1,"charter",597,-5.0096,0.4216
"2388",0,"pier",597,-23.1472,0.0069
"2389",0,"beach",598,-34.1872,0.5333
"2390",1,"boat",598,-2.2296,0.0361
"2391",0,"charter",598,-5.7296,0.4216
"2392",0,"pier",598,-34.1872,0.0069
"2393",0,"beach",599,-8.0512,0.1049
"2394",1,"boat",599,-1.5096,0.1574
"2395",0,"charter",599,-3.9096,0.4671
"2396",0,"pier",599,-8.0512,0.0451
"2397",0,"beach",600,-34.4864,0.5333
"2398",0,"boat",600,-3.8134,0.2413
"2399",1,"charter",600,-7.3134,1.0266
"2400",0,"pier",600,-34.4864,0.4522
"2405",0,"beach",602,-12.2472,0.1049
"2406",0,"boat",602,-3.3534,0.0613
"2407",1,"charter",602,-5.7534,0.3087
"2408",0,"pier",602,-12.2472,0.0079
"2409",0,"beach",603,-7.2072,0.1049
"2410",0,"boat",603,-1.9734,0.0023
"2411",1,"charter",603,-4.3734,0.0046
"2412",0,"pier",603,-7.2072,0.0451
"2421",0,"beach",606,-13.6864,0.5333
"2422",0,"boat",606,-1.5134,0.0156
"2423",1,"charter",606,-5.0134,0.0058
"2424",0,"pier",606,-13.6864,0.4522
"2425",0,"beach",607,-13.6864,0.5333
"2426",1,"boat",607,-1.5134,0.2413
"2427",0,"charter",607,-5.0134,1.0266
"2428",0,"pier",607,-13.6864,0.4522
"2433",0,"beach",609,-22.3272,0.1049
"2434",1,"boat",609,-6.1134,0.0613
"2435",0,"charter",609,-8.5134,0.3087
"2436",0,"pier",609,-22.3272,0.0079
"2437",0,"beach",610,-38.6464,0.5333
"2438",1,"boat",610,-4.2734,0.0361
"2439",0,"charter",610,-7.7734,0.4216
"2440",0,"pier",610,-38.6464,0.0069
"2441",0,"beach",611,-30.3264,0.5333
"2442",0,"boat",611,-3.3534,0.2413
"2443",1,"charter",611,-6.8534,1.0266
"2444",0,"pier",611,-30.3264,0.4522
"2449",0,"beach",613,-7.2072,0.1049
"2450",0,"boat",613,-1.9734,0.0613
"2451",1,"charter",613,-4.3734,0.3087
"2452",0,"pier",613,-7.2072,0.0079
"2457",0,"beach",615,-17.8464,0.5333
"2458",1,"boat",615,-1.9734,0.2413
"2459",0,"charter",615,-5.4734,1.0266
"2460",0,"pier",615,-17.8464,0.4522
"2461",0,"beach",616,-5.4912,0.1049
"2462",0,"boat",616,-1.0296,0.1574
"2463",1,"charter",616,-3.4296,0.4671
"2464",0,"pier",616,-5.4912,0.0451
"2465",0,"beach",617,-2.2296,0.0678
"2466",0,"boat",617,-10.0332,0.1643
"2467",0,"charter",617,-12.9332,0.5391
"2468",1,"pier",617,-2.2296,0.0789
"2473",0,"beach",619,-6.7712,0.1049
"2474",1,"boat",619,-1.2696,0.1574
"2475",0,"charter",619,-3.6696,0.4671
"2476",0,"pier",619,-6.7712,0.0451
"2477",0,"beach",620,-9.3312,0.1049
"2478",1,"boat",620,-1.7496,0.0238
"2479",0,"charter",620,-4.1496,0.0468
"2480",0,"pier",620,-9.3312,0.0451
"2493",0,"beach",624,-26.5272,0.1049
"2494",1,"boat",624,-7.2634,0.1574
"2495",0,"charter",624,-9.6634,0.4671
"2496",0,"pier",624,-26.5272,0.0451
"2497",0,"beach",625,-5.6534,0.0678
"2498",0,"boat",625,-7.374,0.1643
"2499",0,"charter",625,-10.274,0.5391
"2500",1,"pier",625,-5.6534,0.0789
"2501",0,"beach",626,-12.2472,0.1049
"2502",0,"boat",626,-3.3534,0.0238
"2503",1,"charter",626,-5.7534,0.0468
"2504",0,"pier",626,-12.2472,0.0451
"2505",1,"beach",627,-1.5134,0.0678
"2506",0,"boat",627,-1.974,0.1643
"2507",0,"charter",627,-4.874,0.5391
"2508",0,"pier",627,-1.5134,0.0789
"2509",0,"beach",628,-26.1664,0.5333
"2510",1,"boat",628,-2.8934,0.0361
"2511",0,"charter",628,-6.3934,0.4216
"2512",0,"pier",628,-26.1664,0.0069
"2521",0,"beach",631,-34.4864,0.5333
"2522",1,"boat",631,-3.8134,0.2413
"2523",0,"charter",631,-7.3134,1.0266
"2524",0,"pier",631,-34.4864,0.4522
"2549",0,"beach",638,-6.7712,0.1049
"2550",0,"boat",638,-1.2696,0.0238
"2551",1,"charter",638,-3.6696,0.0468
"2552",0,"pier",638,-6.7712,0.0451
"2561",0,"beach",641,-9.3312,0.1049
"2562",0,"boat",641,-1.7496,0.0613
"2563",1,"charter",641,-4.1496,0.3087
"2564",0,"pier",641,-9.3312,0.0079
"2565",0,"beach",642,-1.2696,0.0678
"2566",0,"boat",642,-5.7132,0.1643
"2567",0,"charter",642,-8.6132,0.5391
"2568",1,"pier",642,-1.2696,0.0789
"2569",0,"beach",643,-20.2112,0.1049
"2570",1,"boat",643,-3.7896,0.0023
"2571",0,"charter",643,-6.1896,0.0046
"2572",0,"pier",643,-20.2112,0.0451
"2573",0,"beach",644,-48.9072,0.5333
"2574",0,"boat",644,-3.1896,0.2413
"2575",1,"charter",644,-6.6896,1.0266
"2576",0,"pier",644,-48.9072,0.4522
"2577",0,"beach",645,-5.4912,0.1049
"2578",1,"boat",645,-1.0296,0.0613
"2579",0,"charter",645,-3.4296,0.3087
"2580",0,"pier",645,-5.4912,0.0079
"2581",0,"beach",646,-0.5496,0.0678
"2582",0,"boat",646,-2.4732,0.0499
"2583",0,"charter",646,-5.3732,0.2421
"2584",1,"pier",646,-0.5496,0.0025
"2601",0,"beach",651,-4.2112,0.1049
"2602",1,"boat",651,-0.7896,0.1574
"2603",0,"charter",651,-3.1896,0.4671
"2604",0,"pier",651,-4.2112,0.0451
"2605",0,"beach",652,-23.1472,0.5333
"2606",0,"boat",652,-1.5096,0.1665
"2607",1,"charter",652,-5.0096,0.3975
"2608",0,"pier",652,-23.1472,0.4522
"2609",0,"beach",653,-12.1072,0.5333
"2610",0,"boat",653,-0.7896,0.0361
"2611",1,"charter",653,-4.2896,0.4216
"2612",0,"pier",653,-12.1072,0.0069
"2617",0,"beach",655,-1.0296,0.0678
"2618",0,"boat",655,-4.6332,0.1643
"2619",0,"charter",655,-7.5332,0.5391
"2620",1,"pier",655,-1.0296,0.0789
"2625",0,"beach",657,-20.2112,0.1049
"2626",1,"boat",657,-3.7896,0.0238
"2627",0,"charter",657,-6.1896,0.0468
"2628",0,"pier",657,-20.2112,0.0451
"2629",0,"beach",658,-7.8732,0.0678
"2630",0,"boat",658,-7.8732,0.2601
"2631",0,"charter",658,-10.3732,0.5391
"2632",1,"pier",658,-7.8732,0.0503
"2633",0,"beach",659,-26.8272,0.5333
"2634",1,"boat",659,-1.7496,0.2413
"2635",0,"charter",659,-5.2496,1.0266
"2636",0,"pier",659,-26.8272,0.4522
"2637",1,"beach",660,-0.987,0.2537
"2638",0,"boat",660,-3.29,0.2339
"2639",0,"charter",660,-5.14,0.6288
"2640",0,"pier",660,-0.987,0.1498
"2641",0,"beach",661,-3.687,0.2537
"2642",0,"boat",661,-12.29,0.2339
"2643",0,"charter",661,-14.14,0.6288
"2644",1,"pier",661,-3.687,0.1498
"2645",0,"beach",662,-27.6432,0.5333
"2646",0,"boat",662,-21.264,0.0361
"2647",1,"charter",662,-24.764,0.4216
"2648",0,"pier",662,-27.6432,0.0069
"2649",0,"beach",663,-10.0016,0.0678
"2650",0,"boat",663,-0.987,0.0732
"2651",1,"charter",663,-3.937,0.1726
"2652",0,"pier",663,-10.0016,0.0052
"2665",1,"beach",667,-4.737,0.2537
"2666",0,"boat",667,-15.79,0.0233
"2667",0,"charter",667,-17.64,0.0219
"2668",0,"pier",667,-4.737,0.1498
"2677",0,"beach",670,-19.1216,0.0678
"2678",1,"boat",670,-1.887,0.0143
"2679",0,"charter",670,-4.837,0.0289
"2680",0,"pier",670,-19.1216,0.0503
"2681",0,"beach",671,-6.864,0.0678
"2682",1,"boat",671,-1.287,0.0108
"2683",0,"charter",671,-4.787,0.2377
"2684",0,"pier",671,-6.864,0.0025
"2693",0,"beach",674,-8.464,0.0678
"2694",1,"boat",674,-1.587,0.0102
"2695",0,"charter",674,-5.087,0.0209
"2696",0,"pier",674,-8.464,0.0789
"2697",0,"beach",675,-18.064,0.0678
"2698",0,"boat",675,-3.387,0.0102
"2699",1,"charter",675,-6.887,0.0209
"2700",0,"pier",675,-18.064,0.0789
"2725",0,"beach",682,-10.064,0.0678
"2726",1,"boat",682,-1.887,0.0102
"2727",0,"charter",682,-5.387,0.0209
"2728",0,"pier",682,-10.064,0.0789
"2729",0,"beach",683,-19.1216,0.0678
"2730",1,"boat",683,-1.887,0.0143
"2731",0,"charter",683,-4.837,0.0289
"2732",0,"pier",683,-19.1216,0.0503
"2733",0,"beach",684,-13.264,0.0678
"2734",0,"boat",684,-2.487,0.0897
"2735",1,"charter",684,-5.987,1.0905
"2736",0,"pier",684,-13.264,0.0789
"2749",0,"beach",688,-4.737,0.2537
"2750",0,"boat",688,-15.79,0.2339
"2751",0,"charter",688,-17.64,0.6288
"2752",1,"pier",688,-4.737,0.1498
"2753",1,"beach",689,-2.787,0.2537
"2754",0,"boat",689,-9.29,0.2339
"2755",0,"charter",689,-11.14,0.6288
"2756",0,"pier",689,-2.787,0.1498
"2761",0,"beach",691,-16.0816,0.0678
"2762",0,"boat",691,-1.587,0.0016
"2763",1,"charter",691,-4.537,0.1176
"2764",0,"pier",691,-16.0816,0.0503
"2769",0,"beach",693,-19.1216,0.0678
"2770",1,"boat",693,-1.887,0.0143
"2771",0,"charter",693,-4.837,0.0289
"2772",0,"pier",693,-19.1216,0.0503
"2773",0,"beach",694,-8.464,0.0678
"2774",1,"boat",694,-1.587,0.0102
"2775",0,"charter",694,-5.087,0.0209
"2776",0,"pier",694,-8.464,0.0789
"2789",0,"beach",698,-3.387,0.2537
"2790",0,"boat",698,-11.29,0.2339
"2791",0,"charter",698,-13.14,0.6288
"2792",1,"pier",698,-3.387,0.1498
"2793",0,"beach",699,-25.2016,0.0678
"2794",1,"boat",699,-2.487,0.0016
"2795",0,"charter",699,-5.437,0.1176
"2796",0,"pier",699,-25.2016,0.0503
"2797",0,"beach",700,-25.2016,0.0678
"2798",1,"boat",700,-2.487,0.0143
"2799",0,"charter",700,-5.437,0.0289
"2800",0,"pier",700,-25.2016,0.0503
"2801",0,"beach",701,-2.487,0.2537
"2802",0,"boat",701,-8.29,0.2339
"2803",0,"charter",701,-10.14,0.6288
"2804",1,"pier",701,-2.487,0.1498
"2805",0,"beach",702,-10.064,0.0678
"2806",1,"boat",702,-1.887,0.0559
"2807",0,"charter",702,-5.387,0.6456
"2808",0,"pier",702,-10.064,0.0789
"2813",0,"beach",704,-10.064,0.0678
"2814",1,"boat",704,-1.887,0.0559
"2815",0,"charter",704,-5.387,0.6456
"2816",0,"pier",704,-10.064,0.0789
"2829",1,"beach",708,-2.787,0.2537
"2830",0,"boat",708,-12.077,0.0233
"2831",0,"charter",708,-13.927,0.0219
"2832",0,"pier",708,-2.787,0.1498
"2833",1,"beach",709,-0.987,0.2537
"2834",0,"boat",709,-4.277,0.0233
"2835",0,"charter",709,-6.127,0.0219
"2836",0,"pier",709,-0.987,0.1498
"2853",1,"beach",714,-2.187,0.2537
"2854",0,"boat",714,-7.29,0.2339
"2855",0,"charter",714,-9.14,0.6288
"2856",0,"pier",714,-2.187,0.1498
"2865",0,"beach",717,-11.664,0.0678
"2866",0,"boat",717,-2.187,0.0897
"2867",1,"charter",717,-5.687,1.0905
"2868",0,"pier",717,-11.664,0.0789
"2873",0,"beach",719,-13.264,0.0678
"2874",0,"boat",719,-2.487,0.0897
"2875",1,"charter",719,-5.987,1.0905
"2876",0,"pier",719,-13.264,0.0789
"2877",0,"beach",720,-5.264,0.0678
"2878",0,"boat",720,-0.987,0.0559
"2879",1,"charter",720,-4.487,0.6456
"2880",0,"pier",720,-5.264,0.0789
"2885",0,"beach",722,-14.864,0.0678
"2886",0,"boat",722,-2.787,0.0102
"2887",1,"charter",722,-6.287,0.0209
"2888",0,"pier",722,-14.864,0.0789
"2909",0,"beach",728,-6.864,0.0678
"2910",0,"boat",728,-1.287,0.0102
"2911",1,"charter",728,-4.787,0.0209
"2912",0,"pier",728,-6.864,0.0789
"2917",0,"beach",730,-28.2416,0.0678
"2918",1,"boat",730,-2.787,0.0143
"2919",0,"charter",730,-5.737,0.0289
"2920",0,"pier",730,-28.2416,0.0503
"2921",0,"beach",731,-11.664,0.0678
"2922",1,"boat",731,-2.187,0.0559
"2923",0,"charter",731,-5.687,0.6456
"2924",0,"pier",731,-11.664,0.0789
"2937",0,"beach",735,-1.887,0.2537
"2938",0,"boat",735,-6.29,0.0233
"2939",0,"charter",735,-8.14,0.0219
"2940",1,"pier",735,-1.887,0.1498
"2941",0,"beach",736,-8.464,0.0678
"2942",0,"boat",736,-1.587,0.0897
"2943",1,"charter",736,-5.087,1.0905
"2944",0,"pier",736,-8.464,0.0789
"2949",0,"beach",738,-8.464,0.0678
"2950",1,"boat",738,-1.587,0.0897
"2951",0,"charter",738,-5.087,1.0905
"2952",0,"pier",738,-8.464,0.0789
"2953",0,"beach",739,-0.687,0.2537
"2954",0,"boat",739,-4.7632,0.6817
"2955",1,"charter",739,-7.2632,2.3014
"2956",0,"pier",739,-0.687,0.1498
"2961",0,"beach",741,-6.864,0.0678
"2962",0,"boat",741,-1.287,0.0102
"2963",1,"charter",741,-4.787,0.0209
"2964",0,"pier",741,-6.864,0.0789
"2969",1,"beach",743,-1.887,0.2537
"2970",0,"boat",743,-6.29,0.2339
"2971",0,"charter",743,-8.14,0.6288
"2972",0,"pier",743,-1.887,0.1498
"2973",0,"beach",744,-16.0816,0.0678
"2974",0,"boat",744,-1.587,0.0732
"2975",1,"charter",744,-4.537,0.1726
"2976",0,"pier",744,-16.0816,0.0052
"2977",0,"beach",745,-1.587,0.2537
"2978",0,"boat",745,-5.29,0.0233
"2979",0,"charter",745,-7.14,0.0219
"2980",1,"pier",745,-1.587,0.1498
"2985",0,"beach",747,-0.987,0.2537
"2986",0,"boat",747,-3.29,0.0233
"2987",0,"charter",747,-5.14,0.0219
"2988",1,"pier",747,-0.987,0.1498
"2997",0,"beach",750,-1.287,0.2537
"2998",0,"boat",750,-4.29,0.2339
"2999",0,"charter",750,-6.14,0.6288
"3000",1,"pier",750,-1.287,0.1498
"3001",0,"beach",751,-5.264,0.0678
"3002",0,"boat",751,-0.987,0.0559
"3003",1,"charter",751,-4.487,0.6456
"3004",0,"pier",751,-5.264,0.0789
"3017",0,"beach",755,-5.264,0.0678
"3018",1,"boat",755,-0.987,0.0897
"3019",0,"charter",755,-4.487,1.0905
"3020",0,"pier",755,-5.264,0.0789
"3021",0,"beach",756,-8.464,0.0678
"3022",1,"boat",756,-1.587,0.0102
"3023",0,"charter",756,-5.087,0.0209
"3024",0,"pier",756,-8.464,0.0789
"3029",0,"beach",758,-14.864,0.0678
"3030",1,"boat",758,-2.787,0.0102
"3031",0,"charter",758,-6.287,0.0209
"3032",0,"pier",758,-14.864,0.0789
"3037",1,"beach",760,-1.587,0.2537
"3038",0,"boat",760,-5.29,0.2339
"3039",0,"charter",760,-7.14,0.6288
"3040",0,"pier",760,-1.587,0.1498
"3057",0,"beach",765,-11.664,0.0678
"3058",1,"boat",765,-2.187,0.0102
"3059",0,"charter",765,-5.687,0.0209
"3060",0,"pier",765,-11.664,0.0789
"3061",0,"beach",766,-8.464,0.0678
"3062",0,"boat",766,-1.587,0.0897
"3063",1,"charter",766,-5.087,1.0905
"3064",0,"pier",766,-8.464,0.0789
"3065",0,"beach",767,-1.287,0.2537
"3066",0,"boat",767,-4.29,0.0233
"3067",0,"charter",767,-6.14,0.0219
"3068",1,"pier",767,-1.287,0.1498
"3069",0,"beach",768,-22.1616,0.0678
"3070",1,"boat",768,-2.187,0.1082
"3071",0,"charter",768,-5.137,0.324
"3072",0,"pier",768,-22.1616,0.0503
"3077",1,"beach",770,-0.987,0.2537
"3078",0,"boat",770,-3.29,0.2339
"3079",0,"charter",770,-5.14,0.6288
"3080",0,"pier",770,-0.987,0.1498
"3085",0,"beach",772,-0.387,0.2537
"3086",0,"boat",772,-1.29,0.2339
"3087",0,"charter",772,-3.14,0.6288
"3088",1,"pier",772,-0.387,0.1498
"3097",1,"beach",775,-0.987,0.2537
"3098",0,"boat",775,-3.29,0.0233
"3099",0,"charter",775,-5.14,0.0219
"3100",0,"pier",775,-0.987,0.1498
"3105",0,"beach",777,-4.374,0.2537
"3106",0,"boat",777,-5.2488,0.2339
"3107",1,"charter",777,-7.0988,0.6288
"3108",0,"pier",777,-4.374,0.1498
"3113",0,"beach",779,-7.8302,0.5333
"3114",1,"boat",779,-4.277,0.0361
"3115",0,"charter",779,-7.777,0.4216
"3116",0,"pier",779,-7.8302,0.0069
"3117",0,"beach",780,-12.077,0.0678
"3118",0,"boat",780,-5.574,0.0897
"3119",1,"charter",780,-9.074,1.0905
"3120",0,"pier",780,-12.077,0.0789
"3121",0,"beach",781,-9.477,0.0678
"3122",0,"boat",781,-4.374,0.0108
"3123",1,"charter",781,-7.874,0.2377
"3124",0,"pier",781,-9.477,0.0025
"3129",0,"beach",783,-13.4366,0.0678
"3130",0,"boat",783,-3.174,0.1082
"3131",1,"charter",783,-6.124,0.324
"3132",0,"pier",783,-13.4366,0.0503
"3133",0,"beach",784,-5.577,0.0678
"3134",0,"boat",784,-2.574,0.0102
"3135",1,"charter",784,-6.074,0.0209
"3136",0,"pier",784,-5.577,0.0789
"3141",0,"beach",786,-4.374,0.2537
"3142",0,"boat",786,-5.2488,0.2339
"3143",0,"charter",786,-7.0988,0.6288
"3144",1,"pier",786,-4.374,0.1498
"3145",0,"beach",787,-9.477,0.0678
"3146",1,"boat",787,-4.374,0.0559
"3147",0,"charter",787,-7.874,0.6456
"3148",0,"pier",787,-9.477,0.0789
"3149",0,"beach",788,-8.177,0.0678
"3150",0,"boat",788,-3.774,0.0102
"3151",1,"charter",788,-7.274,0.0209
"3152",0,"pier",788,-8.177,0.0789
"3153",0,"beach",789,-10.777,0.0678
"3154",0,"boat",789,-4.974,0.0559
"3155",1,"charter",789,-8.474,0.6456
"3156",0,"pier",789,-10.777,0.0789
"3157",0,"beach",790,-10.8966,0.0678
"3158",0,"boat",790,-2.574,0.0143
"3159",1,"charter",790,-5.524,0.0289
"3160",0,"pier",790,-10.8966,0.0503
"3165",0,"beach",792,-10.8966,0.0678
"3166",1,"boat",792,-2.574,0.0732
"3167",0,"charter",792,-5.524,0.1726
"3168",0,"pier",792,-10.8966,0.0052
"3173",1,"beach",794,-12.5902,0.5333
"3174",0,"boat",794,-6.877,0.2413
"3175",0,"charter",794,-10.377,1.0266
"3176",0,"pier",794,-12.5902,0.4522
"3177",0,"beach",795,-6.877,0.0678
"3178",0,"boat",795,-3.174,0.0897
"3179",1,"charter",795,-6.674,1.0905
"3180",0,"pier",795,-6.877,0.0789
"3181",0,"beach",796,-15.9766,0.0678
"3182",1,"boat",796,-3.774,0.0143
"3183",0,"charter",796,-6.724,0.0289
"3184",0,"pier",796,-15.9766,0.0503
"3189",0,"beach",798,-6.877,0.0678
"3190",1,"boat",798,-3.174,0.0108
"3191",0,"charter",798,-6.674,0.2377
"3192",0,"pier",798,-6.877,0.0025
"3193",0,"beach",799,-10.777,0.0678
"3194",0,"boat",799,-4.974,0.0559
"3195",1,"charter",799,-8.474,0.6456
"3196",0,"pier",799,-10.777,0.0789
"3205",0,"beach",802,-10.8966,0.0678
"3206",1,"boat",802,-2.574,0.0143
"3207",0,"charter",802,-5.524,0.0289
"3208",0,"pier",802,-10.8966,0.0503
"3209",0,"beach",803,-4.2594,0.0678
"3210",1,"boat",803,-0.687,0.0102
"3211",0,"charter",803,-4.187,0.0209
"3212",0,"pier",803,-4.2594,0.0789
"3225",0,"beach",807,-4.2594,0.0678
"3226",0,"boat",807,-0.687,0.0559
"3227",1,"charter",807,-4.187,0.6456
"3228",0,"pier",807,-4.2594,0.0789
"3241",0,"beach",811,-1.287,0.2537
"3242",0,"boat",811,-5.577,0.2339
"3243",0,"charter",811,-7.427,0.6288
"3244",1,"pier",811,-1.287,0.1498
"3249",1,"beach",813,-2.787,0.2537
"3250",0,"boat",813,-12.077,0.2339
"3251",0,"charter",813,-13.927,0.6288
"3252",0,"pier",813,-2.787,0.1498
"3265",0,"beach",817,-46.7808,0.0678
"3266",1,"boat",817,-3.987,0.0143
"3267",0,"charter",817,-6.937,0.0289
"3268",0,"pier",817,-46.7808,0.0503
"3269",1,"beach",818,-3.687,0.2537
"3270",0,"boat",818,-15.977,0.2339
"3271",0,"charter",818,-17.827,0.6288
"3272",0,"pier",818,-3.687,0.1498
"3273",1,"beach",819,-1.287,0.2537
"3274",0,"boat",819,-5.577,0.0082
"3275",0,"charter",819,-7.427,0.0044
"3276",0,"pier",819,-1.287,0.1498
"3277",1,"beach",820,-0.687,0.2537
"3278",0,"boat",820,-2.977,0.0233
"3279",0,"charter",820,-4.827,0.0219
"3280",0,"pier",820,-0.687,0.1498
"3281",0,"beach",821,-11.5808,0.0678
"3282",0,"boat",821,-0.987,0.1082
"3283",1,"charter",821,-3.937,0.324
"3284",0,"pier",821,-11.5808,0.0503
"3285",1,"beach",822,-1.287,0.2537
"3286",0,"boat",822,-5.577,0.2339
"3287",0,"charter",822,-7.427,0.6288
"3288",0,"pier",822,-1.287,0.1498
"3289",0,"beach",823,-15.4194,0.0678
"3290",1,"boat",823,-2.487,0.0102
"3291",0,"charter",823,-5.987,0.0209
"3292",0,"pier",823,-15.4194,0.0789
"3305",0,"beach",827,-15.4194,0.0678
"3306",0,"boat",827,-2.487,0.0559
"3307",1,"charter",827,-5.987,0.6456
"3308",0,"pier",827,-15.4194,0.0789
"3309",1,"beach",828,-3.087,0.2537
"3310",0,"boat",828,-13.377,0.0233
"3311",0,"charter",828,-15.227,0.0219
"3312",0,"pier",828,-3.087,0.1498
"3313",0,"beach",829,-0.387,0.2537
"3314",0,"boat",829,-1.677,0.0626
"3315",0,"charter",829,-3.527,0.2773
"3316",1,"pier",829,-0.387,0.0014
"3317",0,"beach",830,-13.5594,0.0678
"3318",0,"boat",830,-2.187,0.0102
"3319",1,"charter",830,-5.687,0.0209
"3320",0,"pier",830,-13.5594,0.0789
"3325",0,"beach",832,-11.6994,0.0678
"3326",0,"boat",832,-1.887,0.0897
"3327",1,"charter",832,-5.387,1.0905
"3328",0,"pier",832,-11.6994,0.0789
"3337",0,"beach",835,-20.9994,0.0678
"3338",1,"boat",835,-3.387,0.0102
"3339",0,"charter",835,-6.887,0.0209
"3340",0,"pier",835,-20.9994,0.0789
"3341",0,"beach",836,-9.8394,0.0678
"3342",1,"boat",836,-1.587,0.0559
"3343",0,"charter",836,-5.087,0.6456
"3344",0,"pier",836,-9.8394,0.0789
"3357",1,"beach",840,-2.487,0.2537
"3358",0,"boat",840,-10.777,0.0233
"3359",0,"charter",840,-12.627,0.0219
"3360",0,"pier",840,-2.487,0.1498
"3365",0,"beach",842,-25.6608,0.0678
"3366",1,"boat",842,-2.187,0.0143
"3367",0,"charter",842,-5.137,0.0289
"3368",0,"pier",842,-25.6608,0.0503
"3369",0,"beach",843,-9.8394,0.0678
"3370",1,"boat",843,-1.587,0.0559
"3371",0,"charter",843,-5.087,0.6456
"3372",0,"pier",843,-9.8394,0.0789
"3377",1,"beach",845,-2.187,0.2537
"3378",0,"boat",845,-9.477,0.0233
"3379",0,"charter",845,-11.327,0.0219
"3380",0,"pier",845,-2.187,0.1498
"3381",0,"beach",846,-11.5808,0.0678
"3382",1,"boat",846,-0.987,0.1082
"3383",0,"charter",846,-3.937,0.324
"3384",0,"pier",846,-11.5808,0.0503
"3393",0,"beach",849,-2.487,0.2537
"3394",0,"boat",849,-10.777,0.2339
"3395",0,"charter",849,-12.627,0.6288
"3396",1,"pier",849,-2.487,0.1498
"3397",0,"beach",850,-7.9794,0.0678
"3398",0,"boat",850,-1.287,0.0897
"3399",1,"charter",850,-4.787,1.0905
"3400",0,"pier",850,-7.9794,0.0789
"3409",0,"beach",853,-22.1408,0.0678
"3410",1,"boat",853,-1.887,0.0143
"3411",0,"charter",853,-4.837,0.0289
"3412",0,"pier",853,-22.1408,0.0503
"3413",0,"beach",854,-1.287,0.2537
"3414",0,"boat",854,-5.3196,0.6817
"3415",1,"charter",854,-7.8196,2.3014
"3416",0,"pier",854,-1.287,0.1498
"3421",0,"beach",856,-25.6608,0.0678
"3422",1,"boat",856,-2.187,0.0143
"3423",0,"charter",856,-5.137,0.0289
"3424",0,"pier",856,-25.6608,0.0503
"3425",0,"beach",857,-8.0608,0.0678
"3426",1,"boat",857,-0.687,0.0143
"3427",0,"charter",857,-3.637,0.0289
"3428",0,"pier",857,-8.0608,0.0503
"3429",0,"beach",858,-1.287,0.2537
"3430",0,"boat",858,-5.577,0.2339
"3431",0,"charter",858,-7.427,0.6288
"3432",1,"pier",858,-1.287,0.1498
"3433",0,"beach",859,-11.5808,0.0678
"3434",0,"boat",859,-11.5808,0.2601
"3435",1,"charter",859,-14.0808,0.5391
"3436",0,"pier",859,-11.5808,0.0503
"3437",1,"beach",860,-1.587,0.2537
"3438",0,"boat",860,-6.877,0.2339
"3439",0,"charter",860,-8.727,0.6288
"3440",0,"pier",860,-1.587,0.1498
"3445",0,"beach",862,-7.9794,0.0678
"3446",1,"boat",862,-1.287,0.0102
"3447",0,"charter",862,-4.787,0.0209
"3448",0,"pier",862,-7.9794,0.0789
"3449",0,"beach",863,-4.2594,0.0678
"3450",0,"boat",863,-0.687,0.0559
"3451",1,"charter",863,-4.187,0.6456
"3452",0,"pier",863,-4.2594,0.0789
"3461",0,"beach",866,-2.187,0.2537
"3462",0,"boat",866,-9.477,0.0233
"3463",0,"charter",866,-11.327,0.0219
"3464",1,"pier",866,-2.187,0.1498
"3465",0,"beach",867,-7.9794,0.0678
"3466",1,"boat",867,-1.287,0.0559
"3467",0,"charter",867,-4.787,0.6456
"3468",0,"pier",867,-7.9794,0.0789
"3469",0,"beach",868,-32.7008,0.0678
"3470",1,"boat",868,-2.787,0.0143
"3471",0,"charter",868,-5.737,0.0289
"3472",0,"pier",868,-32.7008,0.0503
"3473",0,"beach",869,-4.5408,0.0678
"3474",1,"boat",869,-0.387,0.0022
"3475",0,"charter",869,-3.337,0.324
"3476",0,"pier",869,-4.5408,0.0503
"3477",0,"beach",870,-17.589,0.2537
"3478",1,"boat",870,-12.1836,0.6817
"3479",0,"charter",870,-14.6836,2.3014
"3480",0,"pier",870,-17.589,0.1498
"3481",1,"beach",871,-3.1144,0.5333
"3482",0,"boat",871,-7.0532,0.0156
"3483",0,"charter",871,-10.5532,0.0058
"3484",0,"pier",871,-3.1144,0.4522
"3497",0,"beach",875,-9.3436,0.5333
"3498",0,"boat",875,-15.5946,0.2413
"3499",0,"charter",875,-19.0946,1.0266
"3500",1,"pier",875,-9.3436,0.4522
"3505",0,"beach",877,-12.8018,0.2537
"3506",0,"boat",877,-13.9656,0.6817
"3507",1,"charter",877,-16.4656,2.3014
"3508",0,"pier",877,-12.8018,0.1498
"3509",0,"beach",878,-5.7246,0.2537
"3510",0,"boat",878,-0.987,0.0531
"3511",1,"charter",878,-3.487,0.0052
"3512",0,"pier",878,-5.7246,0.1498
"3525",1,"beach",882,-0.987,0.5333
"3526",0,"boat",882,-12.173,0.2413
"3527",0,"charter",882,-15.673,1.0266
"3528",0,"pier",882,-0.987,0.4522
"3537",1,"beach",885,-0.987,0.5333
"3538",0,"boat",885,-12.173,0.2413
"3539",0,"charter",885,-15.673,1.0266
"3540",0,"pier",885,-0.987,0.4522
"3541",0,"beach",886,-1.887,0.5333
"3542",0,"boat",886,-23.273,0.2413
"3543",0,"charter",886,-26.773,1.0266
"3544",1,"pier",886,-1.887,0.4522
"3549",0,"beach",888,-5.7246,0.2537
"3550",0,"boat",888,-0.987,0.6817
"3551",1,"charter",888,-3.487,2.3014
"3552",0,"pier",888,-5.7246,0.1498
"3561",0,"beach",891,-2.2446,0.2537
"3562",1,"boat",891,-0.387,0.6817
"3563",0,"charter",891,-2.887,2.3014
"3564",0,"pier",891,-2.2446,0.1498
"3565",0,"beach",892,-0.387,0.5333
"3566",0,"boat",892,-4.773,0.2413
"3567",0,"charter",892,-8.273,1.0266
"3568",1,"pier",892,-0.387,0.4522
"3577",0,"beach",895,-16.1646,0.2537
"3578",1,"boat",895,-2.787,0.6817
"3579",0,"charter",895,-5.287,2.3014
"3580",0,"pier",895,-16.1646,0.1498
"3585",0,"beach",897,-1.287,0.5333
"3586",0,"boat",897,-15.873,0.2413
"3587",0,"charter",897,-19.373,1.0266
"3588",1,"pier",897,-1.287,0.4522
"3601",0,"beach",901,-5.7246,0.2537
"3602",1,"boat",901,-0.987,0.0531
"3603",0,"charter",901,-3.487,0.0052
"3604",0,"pier",901,-5.7246,0.1498
"3605",0,"beach",902,-17.6344,0.0678
"3606",1,"boat",902,-5.7246,0.0143
"3607",0,"charter",902,-8.6746,0.0289
"3608",0,"pier",902,-17.6344,0.0503
"3617",0,"beach",905,-7.4646,0.2537
"3618",0,"boat",905,-1.287,0.6817
"3619",1,"charter",905,-3.787,2.3014
"3620",0,"pier",905,-7.4646,0.1498
"3629",0,"beach",908,-9.2046,0.2537
"3630",0,"boat",908,-1.587,0.6817
"3631",1,"charter",908,-4.087,2.3014
"3632",0,"pier",908,-9.2046,0.1498
"3637",0,"beach",910,-7.4646,0.2537
"3638",1,"boat",910,-1.287,0.6817
"3639",0,"charter",910,-3.787,2.3014
"3640",0,"pier",910,-7.4646,0.1498
"3641",0,"beach",911,-7.4646,0.2537
"3642",1,"boat",911,-1.287,0.0531
"3643",0,"charter",911,-3.787,0.0052
"3644",0,"pier",911,-7.4646,0.1498
"3649",0,"beach",913,-19.573,0.0678
"3650",0,"boat",913,-9.2046,0.0559
"3651",1,"charter",913,-12.7046,0.6456
"3652",0,"pier",913,-19.573,0.0789
"3653",0,"beach",914,-0.987,0.5333
"3654",0,"boat",914,-12.173,0.2413
"3655",0,"charter",914,-15.673,1.0266
"3656",1,"pier",914,-0.987,0.4522
"3657",0,"beach",915,-14.4246,0.2537
"3658",1,"boat",915,-2.487,0.6817
"3659",0,"charter",915,-4.987,2.3014
"3660",0,"pier",915,-14.4246,0.1498
"3665",0,"beach",917,-10.9446,0.2537
"3666",1,"boat",917,-1.887,0.0531
"3667",0,"charter",917,-4.387,0.0052
"3668",0,"pier",917,-10.9446,0.1498
"3669",0,"beach",918,-3.9846,0.2537
"3670",1,"boat",918,-0.687,0.0531
"3671",0,"charter",918,-3.187,0.0052
"3672",0,"pier",918,-3.9846,0.1498
"3673",0,"beach",919,-5.7246,0.2537
"3674",1,"boat",919,-0.987,0.0531
"3675",0,"charter",919,-3.487,0.0052
"3676",0,"pier",919,-5.7246,0.1498
"3681",0,"beach",921,-9.2046,0.2537
"3682",0,"boat",921,-1.587,0.6817
"3683",1,"charter",921,-4.087,2.3014
"3684",0,"pier",921,-9.2046,0.1498
"3697",1,"beach",925,-1.2696,0.5333
"3698",0,"boat",925,-17.986,0.0051
"3699",0,"charter",925,-21.486,1.0266
"3700",0,"pier",925,-1.2696,0.4522
"3709",1,"beach",928,-1.9896,0.5333
"3710",0,"boat",928,-28.186,0.2413
"3711",0,"charter",928,-31.686,1.0266
"3712",0,"pier",928,-1.9896,0.4522
"3713",0,"beach",929,-7.6176,0.2537
"3714",1,"boat",929,-1.2696,0.7369
"3715",0,"charter",929,-3.7696,2.3101
"3716",0,"pier",929,-7.6176,0.1498
"3721",0,"beach",931,-13.3776,0.2537
"3722",1,"boat",931,-2.2296,0.6817
"3723",0,"charter",931,-4.7296,2.3014
"3724",0,"pier",931,-13.3776,0.1498
"3725",0,"beach",932,-6.1776,0.2537
"3726",0,"boat",932,-1.0296,0.6817
"3727",1,"charter",932,-3.5296,2.3014
"3728",0,"pier",932,-6.1776,0.1498
"3729",0,"beach",933,-22.7376,0.2537
"3730",1,"boat",933,-3.7896,0.0531
"3731",0,"charter",933,-6.2896,0.0052
"3732",0,"pier",933,-22.7376,0.1498
"3749",1,"beach",938,-1.0296,0.5333
"3750",0,"boat",938,-14.586,0.2413
"3751",0,"charter",938,-18.086,1.0266
"3752",0,"pier",938,-1.0296,0.4522
"3753",0,"beach",939,-13.3776,0.2537
"3754",0,"boat",939,-2.2296,0.0531
"3755",1,"charter",939,-4.7296,0.0052
"3756",0,"pier",939,-13.3776,0.1498
"3757",0,"beach",940,-6.1776,0.2537
"3758",1,"boat",940,-1.0296,0.7369
"3759",0,"charter",940,-3.5296,2.3101
"3760",0,"pier",940,-6.1776,0.1498
"3761",0,"beach",941,-6.1776,0.2537
"3762",1,"boat",941,-1.0296,0.6817
"3763",0,"charter",941,-3.5296,2.3014
"3764",0,"pier",941,-6.1776,0.1498
"3765",1,"beach",942,-1.5096,0.5333
"3766",0,"boat",942,-21.386,0.2413
"3767",0,"charter",942,-24.886,1.0266
"3768",0,"pier",942,-1.5096,0.4522
"3769",0,"beach",943,-3.2976,0.2537
"3770",1,"boat",943,-0.5496,0.6817
"3771",0,"charter",943,-3.0496,2.3014
"3772",0,"pier",943,-3.2976,0.1498
"3777",0,"beach",945,-7.6176,0.2537
"3778",1,"boat",945,-1.2696,0.7369
"3779",0,"charter",945,-3.7696,2.3101
"3780",0,"pier",945,-7.6176,0.1498
"3801",0,"beach",951,-15.0174,0.2537
"3802",1,"boat",951,-4.5198,0.6817
"3803",0,"charter",951,-7.0198,2.3014
"3804",0,"pier",951,-15.0174,0.1498
"3821",0,"beach",956,-2.6598,0.5333
"3822",0,"boat",956,-17.2458,0.2413
"3823",0,"charter",956,-20.7458,1.0266
"3824",1,"pier",956,-2.6598,0.4522
"3825",1,"beach",957,-1.4198,0.5333
"3826",0,"boat",957,-9.2058,0.2413
"3827",0,"charter",957,-12.7058,1.0266
"3828",0,"pier",957,-1.4198,0.4522
"3829",0,"beach",958,-4.7174,0.2537
"3830",0,"boat",958,-1.4198,0.6817
"3831",1,"charter",958,-3.9198,2.3014
"3832",0,"pier",958,-4.7174,0.1498
"3833",0,"beach",959,-10.8974,0.2537
"3834",0,"boat",959,-3.2798,0.6817
"3835",1,"charter",959,-5.7798,2.3014
"3836",0,"pier",959,-10.8974,0.1498
"3837",0,"beach",960,-2.0398,0.5333
"3838",0,"boat",960,-13.2258,0.0156
"3839",0,"charter",960,-16.7258,0.0058
"3840",1,"pier",960,-2.0398,0.4522
"3841",0,"beach",961,-8.8374,0.2537
"3842",0,"boat",961,-2.6598,0.6817
"3843",1,"charter",961,-5.1598,2.3014
"3844",0,"pier",961,-8.8374,0.1498
"3845",0,"beach",962,-12.9574,0.2537
"3846",1,"boat",962,-3.8998,0.7369
"3847",0,"charter",962,-6.3998,2.3101
"3848",0,"pier",962,-12.9574,0.1498
"3853",1,"beach",964,-3.2798,0.5333
"3854",0,"boat",964,-21.2658,0.1665
"3855",0,"charter",964,-24.7658,0.3975
"3856",0,"pier",964,-3.2798,0.4522
"3873",0,"beach",969,-2.6598,0.5333
"3874",0,"boat",969,-17.2458,0.2413
"3875",0,"charter",969,-20.7458,1.0266
"3876",1,"pier",969,-2.6598,0.4522
"3877",0,"beach",970,-2.6598,0.5333
"3878",0,"boat",970,-17.2458,0.0156
"3879",0,"charter",970,-20.7458,0.0058
"3880",1,"pier",970,-2.6598,0.4522
"3885",0,"beach",972,-25.3174,0.2537
"3886",1,"boat",972,-7.6198,0.6817
"3887",0,"charter",972,-10.1198,2.3014
"3888",0,"pier",972,-25.3174,0.1498
"3893",0,"beach",974,-2.0398,0.5333
"3894",0,"boat",974,-13.2258,0.2413
"3895",0,"charter",974,-16.7258,1.0266
"3896",1,"pier",974,-2.0398,0.4522
"3897",0,"beach",975,-4.7174,0.2537
"3898",1,"boat",975,-1.4198,0.0531
"3899",0,"charter",975,-3.9198,0.0052
"3900",0,"pier",975,-4.7174,0.1498
"3905",0,"beach",977,-12.9574,0.2537
"3906",1,"boat",977,-3.8998,0.6817
"3907",0,"charter",977,-6.3998,2.3014
"3908",0,"pier",977,-12.9574,0.1498
"3925",0,"beach",982,-0.2322,0.5333
"3926",0,"boat",982,-5.547,0.2413
"3927",0,"charter",982,-9.047,1.0266
"3928",1,"pier",982,-0.2322,0.4522
"3937",0,"beach",985,-6.1776,0.2537
"3938",0,"boat",985,-1.0296,0.0531
"3939",1,"charter",985,-3.5296,0.0052
"3940",0,"pier",985,-6.1776,0.1498
"3941",0,"beach",986,-0.3096,0.5333
"3942",0,"boat",986,-4.386,0.2413
"3943",0,"charter",986,-7.886,1.0266
"3944",1,"pier",986,-0.3096,0.4522
"3945",0,"beach",987,-0.7896,0.5333
"3946",0,"boat",987,-11.186,0.2413
"3947",0,"charter",987,-14.686,1.0266
"3948",1,"pier",987,-0.7896,0.4522
"3957",0,"beach",990,-1.8576,0.2537
"3958",0,"boat",990,-0.3096,0.6817
"3959",1,"charter",990,-2.8096,2.3014
"3960",0,"pier",990,-1.8576,0.1498
"3965",0,"beach",992,-11.9376,0.2537
"3966",1,"boat",992,-1.9896,0.6817
"3967",0,"charter",992,-4.4896,2.3014
"3968",0,"pier",992,-11.9376,0.1498
"3973",0,"beach",994,-1.5096,0.5333
"3974",0,"boat",994,-21.386,0.2413
"3975",0,"charter",994,-24.886,1.0266
"3976",1,"pier",994,-1.5096,0.4522
"3977",0,"beach",995,-1.0296,0.5333
"3978",0,"boat",995,-14.586,0.1665
"3979",0,"charter",995,-18.086,0.3975
"3980",1,"pier",995,-1.0296,0.4522
"3985",0,"beach",997,-3.2976,0.2537
"3986",0,"boat",997,-0.5496,0.6817
"3987",1,"charter",997,-3.0496,2.3014
"3988",0,"pier",997,-3.2976,0.1498
"3989",1,"beach",998,-1.7496,0.5333
"3990",0,"boat",998,-24.786,0.2413
"3991",0,"charter",998,-28.286,1.0266
"3992",0,"pier",998,-1.7496,0.4522
"3993",0,"beach",999,-3.2976,0.2537
"3994",1,"boat",999,-0.5496,0.0531
"3995",0,"charter",999,-3.0496,0.0052
"3996",0,"pier",999,-3.2976,0.1498
"4001",0,"beach",1001,-7.6176,0.2537
"4002",1,"boat",1001,-1.2696,0.0531
"4003",0,"charter",1001,-3.7696,0.0052
"4004",0,"pier",1001,-7.6176,0.1498
"4005",0,"beach",1002,-0.5496,0.5333
"4006",0,"boat",1002,-7.786,0.2413
"4007",0,"charter",1002,-11.286,1.0266
"4008",1,"pier",1002,-0.5496,0.4522
"4029",1,"beach",1008,-0.5496,0.5333
"4030",0,"boat",1008,-7.786,0.1665
"4031",0,"charter",1008,-11.286,0.3975
"4032",0,"pier",1008,-0.5496,0.4522
"4037",1,"beach",1010,-0.7896,0.5333
"4038",0,"boat",1010,-11.186,0.2413
"4039",0,"charter",1010,-14.686,1.0266
"4040",0,"pier",1010,-0.7896,0.4522
"4041",0,"beach",1011,-3.7506,0.2537
"4042",1,"boat",1011,-0.329,0.6817
"4043",0,"charter",1011,-2.829,2.3014
"4044",0,"pier",1011,-3.7506,0.1498
"4049",1,"beach",1013,-0.229,0.5333
"4050",0,"boat",1013,-7.099,0.1665
"4051",0,"charter",1013,-10.599,0.3975
"4052",0,"pier",1013,-0.229,0.4522
"4057",0,"beach",1015,-0.629,0.5333
"4058",0,"boat",1015,-19.499,0.2413
"4059",0,"charter",1015,-22.999,1.0266
"4060",1,"pier",1015,-0.629,0.4522
"4061",0,"beach",1016,-24.334,0.0678
"4062",1,"boat",1016,-4.1262,0.0143
"4063",0,"charter",1016,-7.0762,0.0289
"4064",0,"pier",1016,-24.334,0.0503
"4065",0,"beach",1017,-5.6862,0.2537
"4066",1,"boat",1017,-3.645,0.0531
"4067",0,"charter",1017,-6.145,0.0052
"4068",0,"pier",1017,-5.6862,0.1498
"4069",0,"beach",1018,-4.9062,0.2537
"4070",0,"boat",1018,-14.9702,0.0082
"4071",0,"charter",1018,-16.8202,0.0044
"4072",1,"pier",1018,-4.9062,0.1498
"4073",0,"beach",1019,-4.9062,0.2537
"4074",0,"boat",1019,-3.145,0.7369
"4075",1,"charter",1019,-5.645,2.3101
"4076",0,"pier",1019,-4.9062,0.1498
"4077",0,"beach",1020,-2.5662,0.2537
"4078",1,"boat",1020,-1.645,0.6817
"4079",0,"charter",1020,-4.145,2.3014
"4080",0,"pier",1020,-2.5662,0.1498
"4081",0,"beach",1021,-21.4326,0.0678
"4082",1,"boat",1021,-5.6862,0.0102
"4083",0,"charter",1021,-9.1862,0.0209
"4084",0,"pier",1021,-21.4326,0.0789
"4085",0,"beach",1022,-12.6126,0.0678
"4086",1,"boat",1022,-3.3462,0.0102
"4087",0,"charter",1022,-6.8462,0.0209
"4088",0,"pier",1022,-12.6126,0.0789
"4101",0,"beach",1026,-8.0262,0.2537
"4102",0,"boat",1026,-5.145,0.6817
"4103",1,"charter",1026,-7.645,2.3014
"4104",0,"pier",1026,-8.0262,0.1498
"4109",1,"beach",1028,-2.645,0.5333
"4110",0,"boat",1028,-15.5526,0.2413
"4111",0,"charter",1028,-19.0526,1.0266
"4112",0,"pier",1028,-2.645,0.4522
"4133",0,"beach",1034,-3.3462,0.2537
"4134",1,"boat",1034,-2.145,0.7369
"4135",0,"charter",1034,-4.645,2.3101
"4136",0,"pier",1034,-3.3462,0.1498
"4137",0,"beach",1035,-1.7862,0.2537
"4138",0,"boat",1035,-5.4502,0.0233
"4139",0,"charter",1035,-7.3002,0.0219
"4140",1,"pier",1035,-1.7862,0.1498
"4141",1,"beach",1036,-1.145,0.5333
"4142",0,"boat",1036,-6.7326,0.2413
"4143",0,"charter",1036,-10.2326,1.0266
"4144",0,"pier",1036,-1.145,0.4522
"4153",0,"beach",1039,-34.1548,0.0678
"4154",1,"boat",1039,-3.6476,0.0143
"4155",0,"charter",1039,-6.5976,0.0289
"4156",0,"pier",1039,-34.1548,0.0503
"4157",0,"beach",1040,-3.9846,0.2537
"4158",1,"boat",1040,-0.687,0.0531
"4159",0,"charter",1040,-3.187,0.0052
"4160",0,"pier",1040,-3.9846,0.1498
"4161",0,"beach",1041,-3.9846,0.2537
"4162",1,"boat",1041,-0.687,0.6817
"4163",0,"charter",1041,-3.187,2.3014
"4164",0,"pier",1041,-3.9846,0.1498
"4165",0,"beach",1042,-7.4646,0.2537
"4166",0,"boat",1042,-1.287,0.6817
"4167",1,"charter",1042,-3.787,2.3014
"4168",0,"pier",1042,-7.4646,0.1498
"4169",1,"beach",1043,-1.587,0.5333
"4170",0,"boat",1043,-19.573,0.1665
"4171",0,"charter",1043,-23.073,0.3975
"4172",0,"pier",1043,-1.587,0.4522
"4173",0,"beach",1044,-5.7246,0.2537
"4174",0,"boat",1044,-0.987,0.7369
"4175",1,"charter",1044,-3.487,2.3101
"4176",0,"pier",1044,-5.7246,0.1498
"4181",0,"beach",1046,-9.0576,0.2537
"4182",0,"boat",1046,-1.5096,0.7369
"4183",1,"charter",1046,-4.0096,2.3101
"4184",0,"pier",1046,-9.0576,0.0014
"4185",0,"beach",1047,-6.1776,0.2537
"4186",0,"boat",1047,-1.0296,0.6817
"4187",1,"charter",1047,-3.5296,2.3014
"4188",0,"pier",1047,-6.1776,0.1498
"4193",0,"beach",1049,-1.5096,0.5333
"4194",0,"boat",1049,-21.386,0.2413
"4195",0,"charter",1049,-24.886,1.0266
"4196",1,"pier",1049,-1.5096,0.4522
"4197",0,"beach",1050,-6.1776,0.2537
"4198",1,"boat",1050,-1.0296,0.7369
"4199",0,"charter",1050,-3.5296,2.3101
"4200",0,"pier",1050,-6.1776,0.1498
"4205",0,"beach",1052,-7.6176,0.2537
"4206",1,"boat",1052,-1.2696,0.7369
"4207",0,"charter",1052,-3.7696,2.3101
"4208",0,"pier",1052,-7.6176,0.1498
"4209",0,"beach",1053,-6.1776,0.2537
"4210",0,"boat",1053,-1.0296,0.6817
"4211",1,"charter",1053,-3.5296,2.3014
"4212",0,"pier",1053,-6.1776,0.1498
"4217",1,"beach",1055,-1.2696,0.5333
"4218",0,"boat",1055,-17.986,0.0156
"4219",0,"charter",1055,-21.486,0.0058
"4220",0,"pier",1055,-1.2696,0.4522
"4221",0,"beach",1056,-10.4976,0.2537
"4222",0,"boat",1056,-1.7496,0.6817
"4223",1,"charter",1056,-4.2496,2.3014
"4224",0,"pier",1056,-10.4976,0.1498
"4233",0,"beach",1059,-16.6212,0.2537
"4234",1,"boat",1059,-5.2488,0.0531
"4235",0,"charter",1059,-7.7488,0.0052
"4236",0,"pier",1059,-16.6212,0.1498
"4241",0,"beach",1061,-14.3412,0.2537
"4242",1,"boat",1061,-4.5288,0.6817
"4243",0,"charter",1061,-7.0288,2.3014
"4244",0,"pier",1061,-14.3412,0.1498
"4245",0,"beach",1062,-9.7812,0.2537
"4246",1,"boat",1062,-3.0888,0.7369
"4247",0,"charter",1062,-5.5888,2.3101
"4248",0,"pier",1062,-9.7812,0.1498
"4253",0,"beach",1064,-3.0888,0.5333
"4254",0,"boat",1064,-18.1896,0.2413
"4255",0,"charter",1064,-21.6896,1.0266
"4256",1,"pier",1064,-3.0888,0.4522
"4261",0,"beach",1066,-9.7812,0.2537
"4262",0,"boat",1066,-3.0888,0.6817
"4263",1,"charter",1066,-5.5888,2.3014
"4264",0,"pier",1066,-9.7812,0.1498
"4265",0,"beach",1067,-3.0888,0.5333
"4266",0,"boat",1067,-18.1896,0.2413
"4267",0,"charter",1067,-21.6896,1.0266
"4268",1,"pier",1067,-3.0888,0.4522
"4269",0,"beach",1068,-12.0612,0.2537
"4270",1,"boat",1068,-3.8088,0.7369
"4271",0,"charter",1068,-6.3088,2.3101
"4272",0,"pier",1068,-12.0612,0.1498
"4277",0,"beach",1070,-18.9012,0.2537
"4278",0,"boat",1070,-5.9688,0.6817
"4279",1,"charter",1070,-8.4688,2.3014
"4280",0,"pier",1070,-18.9012,0.1498
"4281",0,"beach",1071,-5.2212,0.2537
"4282",0,"boat",1071,-1.6488,0.6817
"4283",1,"charter",1071,-4.1488,2.3014
"4284",0,"pier",1071,-5.2212,0.1498
"4289",0,"beach",1073,-35.1496,0.0678
"4290",1,"boat",1073,-18.9012,0.0897
"4291",0,"charter",1073,-22.4012,1.0905
"4292",0,"pier",1073,-35.1496,0.0789
"4309",0,"beach",1078,-3.2976,0.2537
"4310",0,"boat",1078,-0.5496,0.6817
"4311",1,"charter",1078,-3.0496,2.3014
"4312",0,"pier",1078,-3.2976,0.1498
"4313",0,"beach",1079,-4.7376,0.2537
"4314",0,"boat",1079,-0.7896,0.0531
"4315",1,"charter",1079,-3.2896,0.0052
"4316",0,"pier",1079,-4.7376,0.1498
"4329",0,"beach",1083,-7.6176,0.2537
"4330",0,"boat",1083,-1.2696,0.6817
"4331",1,"charter",1083,-3.7696,2.3014
"4332",0,"pier",1083,-7.6176,0.1498
"4345",0,"beach",1087,-7.6176,0.2537
"4346",0,"boat",1087,-1.2696,0.6817
"4347",1,"charter",1087,-3.7696,2.3014
"4348",0,"pier",1087,-7.6176,0.1498
"4349",0,"beach",1088,-3.2976,0.2537
"4350",0,"boat",1088,-0.5496,0.0531
"4351",1,"charter",1088,-3.0496,0.0052
"4352",0,"pier",1088,-3.2976,0.1498
"4353",0,"beach",1089,-6.1776,0.2537
"4354",0,"boat",1089,-1.0296,0.6817
"4355",1,"charter",1089,-3.5296,2.3014
"4356",0,"pier",1089,-6.1776,0.1498
"4357",0,"beach",1090,-9.0576,0.2537
"4358",1,"boat",1090,-1.5096,0.0531
"4359",0,"charter",1090,-4.0096,0.0052
"4360",0,"pier",1090,-9.0576,0.1498
"4361",0,"beach",1091,-22.7376,0.2537
"4362",1,"boat",1091,-3.7896,0.6817
"4363",0,"charter",1091,-6.2896,2.3014
"4364",0,"pier",1091,-22.7376,0.1498
"4369",0,"beach",1093,-4.7376,0.2537
"4370",0,"boat",1093,-0.7896,0.7369
"4371",1,"charter",1093,-3.2896,2.3101
"4372",0,"pier",1093,-4.7376,0.1498
"4377",0,"beach",1095,-9.7812,0.2537
"4378",1,"boat",1095,-3.0888,0.7369
"4379",0,"charter",1095,-5.5888,2.3101
"4380",0,"pier",1095,-9.7812,0.1498
"4381",0,"beach",1096,-1.6488,0.5333
"4382",0,"boat",1096,-9.7096,0.2413
"4383",0,"charter",1096,-13.2096,1.0266
"4384",1,"pier",1096,-1.6488,0.4522
"4385",0,"beach",1097,-7.5012,0.2537
"4386",0,"boat",1097,-2.3688,0.0531
"4387",1,"charter",1097,-4.8688,0.0052
"4388",0,"pier",1097,-7.5012,0.1498
"4389",0,"beach",1098,-7.5012,0.2537
"4390",0,"boat",1098,-2.3688,0.6817
"4391",1,"charter",1098,-4.8688,2.3014
"4392",0,"pier",1098,-7.5012,0.1498
"4401",0,"beach",1101,-8.2368,0.2537
"4402",1,"boat",1101,-2.0592,0.0531
"4403",0,"charter",1101,-4.5592,0.0052
"4404",0,"pier",1101,-8.2368,0.1498
"4405",0,"beach",1102,-0.429,0.5333
"4406",0,"boat",1102,-13.299,0.2413
"4407",0,"charter",1102,-16.799,1.0266
"4408",1,"pier",1102,-0.429,0.4522
"4413",0,"beach",1104,-0.829,0.5333
"4414",0,"boat",1104,-25.699,0.2413
"4415",0,"charter",1104,-29.199,1.0266
"4416",1,"pier",1104,-0.829,0.4522
"4417",1,"beach",1105,-9.4506,0.2537
"4418",0,"boat",1105,-19.3986,8e-04
"4419",0,"charter",1105,-21.2486,0.0027
"4420",0,"pier",1105,-9.4506,0.1498
"4425",0,"beach",1107,-3.7506,0.2537
"4426",0,"boat",1107,-0.329,0.6817
"4427",1,"charter",1107,-2.829,2.3014
"4428",0,"pier",1107,-3.7506,0.1498
"4429",0,"beach",1108,-4.8906,0.2537
"4430",0,"boat",1108,-0.429,0.6817
"4431",1,"charter",1108,-2.929,2.3014
"4432",0,"pier",1108,-4.8906,0.1498
"4441",0,"beach",1111,-0.329,0.5333
"4442",0,"boat",1111,-10.199,0.2413
"4443",0,"charter",1111,-13.699,1.0266
"4444",1,"pier",1111,-0.329,0.4522
"4449",0,"beach",1113,-2.6106,0.2537
"4450",0,"boat",1113,-0.229,0.6817
"4451",1,"charter",1113,-2.729,2.3014
"4452",0,"pier",1113,-2.6106,0.1498
"4477",1,"beach",1120,-0.429,0.5333
"4478",0,"boat",1120,-13.299,0.2413
"4479",0,"charter",1120,-16.799,1.0266
"4480",0,"pier",1120,-0.429,0.4522
"4489",1,"beach",1123,-0.629,0.5333
"4490",0,"boat",1123,-19.499,0.1665
"4491",0,"charter",1123,-22.999,0.3975
"4492",0,"pier",1123,-0.629,0.4522
"4497",0,"beach",1125,-6.0306,0.2537
"4498",0,"boat",1125,-0.529,0.7369
"4499",1,"charter",1125,-3.029,2.3101
"4500",0,"pier",1125,-6.0306,0.1498
"4505",0,"beach",1127,-0.429,0.5333
"4506",0,"boat",1127,-13.299,0.0156
"4507",0,"charter",1127,-16.799,0.0058
"4508",1,"pier",1127,-0.429,0.4522
"4509",0,"beach",1128,-9.4506,0.2537
"4510",1,"boat",1128,-0.829,0.7369
"4511",0,"charter",1128,-3.329,2.3101
"4512",0,"pier",1128,-9.4506,0.1498
"4513",0,"beach",1129,-6.0306,0.2537
"4514",0,"boat",1129,-0.529,0.0531
"4515",1,"charter",1129,-3.029,0.0052
"4516",0,"pier",1129,-6.0306,0.1498
"4517",0,"beach",1130,-3.7506,0.2537
"4518",1,"boat",1130,-0.329,0.0531
"4519",0,"charter",1130,-2.829,0.0052
"4520",0,"pier",1130,-3.7506,0.1498
"4521",0,"beach",1131,-0.329,0.5333
"4522",0,"boat",1131,-10.199,0.2413
"4523",0,"charter",1131,-13.699,1.0266
"4524",1,"pier",1131,-0.329,0.4522
"4525",0,"beach",1132,-4.8906,0.2537
"4526",0,"boat",1132,-0.429,0.7369
"4527",1,"charter",1132,-2.929,2.3101
"4528",0,"pier",1132,-4.8906,0.1498
"4533",0,"beach",1134,-7.1706,0.2537
"4534",1,"boat",1134,-0.629,0.6817
"4535",0,"charter",1134,-3.129,2.3014
"4536",0,"pier",1134,-7.1706,0.1498
"4537",0,"beach",1135,-3.7506,0.2537
"4538",0,"boat",1135,-7.6986,0.0233
"4539",0,"charter",1135,-9.5486,0.0219
"4540",1,"pier",1135,-3.7506,0.1498
"4553",0,"beach",1139,-6.0306,0.2537
"4554",1,"boat",1139,-0.529,0.7369
"4555",0,"charter",1139,-3.029,2.3101
"4556",0,"pier",1139,-6.0306,0.1498
"4557",0,"beach",1140,-7.1706,0.2537
"4558",1,"boat",1140,-0.629,0.6817
"4559",0,"charter",1140,-3.129,2.3014
"4560",0,"pier",1140,-7.1706,0.1498
"4565",0,"beach",1142,-0.429,0.5333
"4566",1,"boat",1142,-13.299,0.0156
"4567",0,"charter",1142,-16.799,0.0058
"4568",0,"pier",1142,-0.429,0.4522
"4569",0,"beach",1143,-0.529,0.5333
"4570",1,"boat",1143,-16.399,0.0361
"4571",0,"charter",1143,-19.899,0.4216
"4572",0,"pier",1143,-0.529,0.0069
"4573",0,"beach",1144,-4.8906,0.2537
"4574",0,"boat",1144,-0.429,0.6817
"4575",1,"charter",1144,-2.929,2.3014
"4576",0,"pier",1144,-4.8906,0.1498
"4581",0,"beach",1146,-18.0006,0.2537
"4582",0,"boat",1146,-1.579,0.7369
"4583",1,"charter",1146,-4.079,2.3101
"4584",0,"pier",1146,-18.0006,0.1498
"4585",0,"beach",1147,-8.3106,0.2537
"4586",0,"boat",1147,-0.729,0.6817
"4587",1,"charter",1147,-3.229,2.3014
"4588",0,"pier",1147,-8.3106,0.1498
"4593",0,"beach",1149,-3.7506,0.2537
"4594",0,"boat",1149,-7.6986,0.0233
"4595",0,"charter",1149,-9.5486,0.0219
"4596",1,"pier",1149,-3.7506,0.1498
"4597",0,"beach",1150,-9.4506,0.2537
"4598",0,"boat",1150,-0.829,0.6817
"4599",1,"charter",1150,-3.329,2.3014
"4600",0,"pier",1150,-9.4506,0.1498
"4601",0,"beach",1151,-7.1706,0.2537
"4602",1,"boat",1151,-0.629,0.6817
"4603",0,"charter",1151,-3.129,2.3014
"4604",0,"pier",1151,-7.1706,0.1498
"4617",0,"beach",1155,-3.0186,0.1049
"4618",1,"boat",1155,-3.999,0.1574
"4619",0,"charter",1155,-6.399,0.4671
"4620",0,"pier",1155,-3.0186,0.0451
"4625",0,"beach",1157,-9.4506,0.2537
"4626",0,"boat",1157,-0.829,0.6817
"4627",1,"charter",1157,-3.329,2.3014
"4628",0,"pier",1157,-9.4506,0.1498
"4629",0,"beach",1158,-0.129,0.5333
"4630",0,"boat",1158,-3.999,0.1665
"4631",0,"charter",1158,-7.499,0.3975
"4632",1,"pier",1158,-0.129,0.4522
"4637",1,"beach",1160,-1.8876,0.2537
"4638",0,"boat",1160,-8.151,0.2339
"4639",0,"charter",1160,-10.001,0.6288
"4640",0,"pier",1160,-1.8876,0.1498
"4645",0,"beach",1162,-3.2076,0.2537
"4646",0,"boat",1162,-4.9572,0.6817
"4647",1,"charter",1162,-7.4572,2.3014
"4648",0,"pier",1162,-3.2076,0.1498
"4653",0,"beach",1164,-2.3276,0.2537
"4654",0,"boat",1164,-10.051,0.0082
"4655",0,"charter",1164,-11.901,0.0044
"4656",1,"pier",1164,-2.3276,0.1498
"4665",0,"beach",1167,-5.2488,0.5333
"4666",0,"boat",1167,-30.9096,0.0156
"4667",0,"charter",1167,-34.4096,0.0058
"4668",1,"pier",1167,-5.2488,0.4522
"4669",1,"beach",1168,-2.3688,0.5333
"4670",0,"boat",1168,-13.9496,0.0156
"4671",0,"charter",1168,-17.4496,0.0058
"4672",0,"pier",1168,-2.3688,0.4522
"4697",0,"beach",1175,-9.1834,0.0678
"4698",1,"boat",1175,-8.6802,0.0102
"4699",0,"charter",1175,-12.1802,0.0209
"4700",0,"pier",1175,-9.1834,0.0789
"4717",0,"beach",1180,-6.5036,0.5333
"4718",0,"boat",1180,-10.8546,0.2413
"4719",0,"charter",1180,-14.3546,1.0266
"4720",1,"pier",1180,-6.5036,0.4522
